13.975611171000228 -4.328172301829729 0.0 0.0 0.4
2.3629299928687653 14.093073649776098 0.0 0.0 0.4
-13.041057945260778 -5.270605624881418 0.0 -0.0 0.4
-12.825168228783642 -1.743175519777501 0.0 -0.0 0.4
1.272603308858742 9.86116075810301 0.0 0.0 0.4
3.2329354958095275 1.6614246297007713 0.0 0.0 0.4
7.360197165565396 1.441204670029109 0.0 0.0 0.4
7.079841947177055 4.110594870697575 0.0 0.0 0.4
-9.685089962513388 4.541528869481188 0.0 -0.0 0.4
-6.3758780845231025 4.8217947821718194 0.0 -0.0 0.4
-4.364193723837499 -14.622656009825524 0.0 -0.0 0.4
-6.400105352466119 -10.98862468463529 0.0 -0.0 0.4
-4.457731797147476 11.259593341612792 0.0 -0.0 0.4
-0.1429875885680396 5.431519975453361 0.0 -0.0 0.4
12.21015670026379 -8.374283152270259 0.0 0.0 0.4
2.8359845268625703 -2.8543875126991796 0.0 0.0 0.4
-11.022351421533392 11.139408290935751 0.0 -0.0 0.4
5.60268015697529 -13.409244262704632 0.0 0.0 0.4
5.234184644495692 5.727497063679114 0.0 0.0 0.4
-14.941836246944296 5.110843550763388 0.0 -0.0 0.4
7.013754061028146 -0.8066387711469932 0.0 0.0 0.4
-0.25131790282961963 -2.586394997610465 0.0 -0.0 0.4
3.107794844258327 -9.490565508787874 0.0 0.0 0.4
14.740119253326771 5.055886071120721 0.0 0.0 0.4
11.807316875779849 9.443667118499008 0.0 0.0 0.4
-8.951687690387198 -6.054785308012437 0.0 -0.0 0.4
-1.5264120861779473 7.952693298381366 0.0 -0.0 0.4
-0.798991845784449 5.276257111564721 0.0 -0.0 0.4
-5.581831155895517 2.3983720201789005 0.0 -0.0 0.4
12.34782781770503 8.258818170277303 0.0 0.0 0.4
-4.981079469610857 11.76197135486915 0.0 -0.0 0.4
10.567328377433775 9.295297900886187 0.0 0.0 0.4
-1.6449550811444873 8.902407166310363 0.0 -0.0 0.4
-8.35105740531766 10.3952854171664 0.0 -0.0 0.4
-3.0053187705591644 -14.93192529020977 0.0 -0.0 0.4
-8.594039044003159 -5.8242209984411275 0.0 -0.0 0.4
-3.0194661031541465 -10.650979632902615 0.0 -0.0 0.4
1.4075331129874529 -8.752878299312325 0.0 0.0 0.4
11.096365434637557 -3.5527464817742236 0.0 0.0 0.4
-6.707256902078231 6.553600738491893 0.0 -0.0 0.4
-6.449629111303477 0.542233384847186 0.0 -0.0 0.4
9.808309039764255 -2.488739121274846 0.0 0.0 0.4
-13.403012411892755 -6.267259807179004 0.0 -0.0 0.4
5.401470436208582 -6.488252529909589 0.0 0.0 0.4
-4.7127753241266745 -2.5491982409287393 0.0 -0.0 0.4
4.766049888170609 3.121077022587664 0.0 0.0 0.4
0.19472705467644844 9.049980293139193 0.0 0.0 0.4
-3.6342562462090604 2.8046918038760493 0.0 -0.0 0.4
8.962428067049629 -0.7731402344975189 0.0 0.0 0.4
1.0832943222494287 -6.436867129048167 0.0 0.0 0.4
0.06226238647759925 -9.089310854054949 0.0 0.0 0.4
-2.944190274653475 6.768477917341061 0.0 -0.0 0.4
-4.743592195302218 9.855462696076943 0.0 -0.0 0.4
-5.2253675733419325 -2.3651283897392905 0.0 -0.0 0.4
4.884294639569184 -7.8419178029980445 0.0 0.0 0.4
0.9563865678580119 7.397678260904684 0.0 0.0 0.4
-3.335920389238905 7.128613787914278 0.0 -0.0 0.4
5.867845683577693 -9.080338748236816 0.0 0.0 0.4
5.21925100361077 -7.954366579002798 0.0 0.0 0.4
-8.250812875522511 -2.349575890733327 0.0 -0.0 0.4
6.664584258510605 0.2792078767984172 0.0 0.0 0.4
5.18693860078126 11.319469136243365 0.0 0.0 0.4
-3.2907301410055294 -10.58221942546921 0.0 -0.0 0.4
-3.4344753805288346 14.796973427573885 0.0 -0.0 0.4
-11.60969723888248 9.700158194699464 0.0 -0.0 0.4
-1.761057012323472 -5.2651894337022895 0.0 -0.0 0.4
-11.188858640511064 -1.740996826719574 0.0 -0.0 0.4
-5.088496455350357 10.513884772241115 0.0 -0.0 0.4
9.130880822360739 0.3653500636571674 0.0 0.0 0.4
11.424592197653757 1.816540124865751 0.0 0.0 0.4
10.293714310109968 -7.090949708238951 0.0 0.0 0.4
10.270487743958798 -7.336519384904047 0.0 0.0 0.4
8.280806982535845 10.047669841278424 0.0 0.0 0.4
-11.922832967313612 2.405711029170948 0.0 -0.0 0.4
10.733252355403302 -10.422626200990955 0.0 0.0 0.4
-6.7841617768933835 13.503897993227534 0.0 -0.0 0.4
-5.744993210625569 0.22475627598617512 0.0 -0.0 0.4
3.0771767392031677 -3.711393072313102 0.0 0.0 0.4
-3.2744172317872215 -8.938804918911588 0.0 -0.0 0.4
2.412391371130956 6.261198860787903 0.0 0.0 0.4
-13.318007761703692 -0.8588646644114188 0.0 -0.0 0.4
12.228845438285196 9.003274707615194 0.0 0.0 0.4
4.8099162268528906 13.448258974417444 0.0 0.0 0.4
-1.7575430418025768 7.073964009984459 0.0 -0.0 0.4
-2.6920466973061776 -5.070543994069301 0.0 -0.0 0.4
-0.5350973184381159 7.406240806595375 0.0 -0.0 0.4
-9.944907982006209 -1.5779640149504874 0.0 -0.0 0.4
-8.818881490887543 -4.6810161178557035 0.0 -0.0 0.4
9.960023344048926 -5.749673079867309 0.0 0.0 0.4
-6.565807735951372 3.4717263487837764 0.0 -0.0 0.4
1.989294091282642 -3.919025704701221 0.0 0.0 0.4
5.008006310449598 7.907218967027709 0.0 0.0 0.4
2.956590781686927 12.894051313106067 0.0 0.0 0.4
-5.594337277795032 -1.9149873087603282 0.0 -0.0 0.4
2.82249139441336 14.327056329381696 0.0 0.0 0.4
0.9351945207287842 14.149737874442161 0.0 0.0 0.4
10.007463014391226 -4.127580821762113 0.0 0.0 0.4
-4.823886492447013 -12.82723208499208 0.0 -0.0 0.4
-8.321421995095573 10.113574030238446 0.0 -0.0 0.4
-6.780133999692527 -1.455844698801551 0.0 -0.0 0.4
-7.575963458313734 -10.506635341200926 0.0 -0.0 0.4
14.0600935641726 4.101300202286208 0.0 0.0 0.4
-15.696809755726843 -1.7609710215473242 0.0 -0.0 0.4
-3.9764649398252265 -1.8351161670788145 0.0 -0.0 0.4
-8.214419183266196 -6.457737298320295 0.0 -0.0 0.4
0.0770758589102798 2.7855837735613527 0.0 0.0 0.4
-11.863536598805448 0.8678275569598656 0.0 -0.0 0.4
-6.765102107276785 10.67007271624234 0.0 -0.0 0.4
-11.201875249233492 3.301628340443291 0.0 -0.0 0.4
-4.099695546874605 -5.043747641504952 0.0 -0.0 0.4
-1.9726943515569062 -8.795967004687638 0.0 -0.0 0.4
10.620821143831549 4.434834956998865 0.0 0.0 0.4
14.337263672302637 5.6717058396236215 0.0 0.0 0.4
-3.5378577159347975 8.360782082557675 0.0 -0.0 0.4
-0.3988994208407323 10.476408060540956 0.0 -0.0 0.4
2.371502279073195 -10.184654380254699 0.0 0.0 0.4
9.50030867702002 9.246250764631373 0.0 0.0 0.4
9.283616108764404 12.372476110972817 0.0 0.0 0.4
12.933927109408266 -1.700043178803369 0.0 0.0 0.4
-2.435072871746784 -4.02341933096661 0.0 -0.0 0.4
-8.199037377916506 10.934596173992414 0.0 -0.0 0.4
-0.05366323967185319 -5.423437077524936 0.0 -0.0 0.4
-2.7953110371387306 4.628877899232628 0.0 -0.0 0.4
-8.700741516632396 3.414134726732968 0.0 -0.0 0.4
10.121282981398661 -6.463243490757623 0.0 0.0 0.4
-11.613664042847642 -9.144976190967812 0.0 -0.0 0.4
9.711257631613629 -11.397288672463013 0.0 0.0 0.4
2.777929950607782 0.27098633711792863 0.0 0.0 0.4
6.460367675403562 -13.472395326852197 0.0 0.0 0.4
-3.5539292782674723 -7.595112600387342 0.0 -0.0 0.4
-14.772476143498496 5.354107428634267 0.0 -0.0 0.4
13.007188026600371 0.4308297083513859 0.0 0.0 0.4
-11.933947084270487 5.225671115231806 0.0 -0.0 0.4
-0.4283872313099665 -6.760262092386654 0.0 -0.0 0.4
-9.500693645547043 2.131639413721284 0.0 -0.0 0.4
6.592318422269724 7.866545717308732 0.0 0.0 0.4
-1.196612753275751 11.354384187452228 0.0 -0.0 0.4
-8.822220142507526 -4.22866677055378 0.0 -0.0 0.4
10.85924708922236 -6.940709316812535 0.0 0.0 0.4
-1.6251476245480587 -9.33642283409096 0.0 -0.0 0.4
-3.643048935959901 6.799856947943307 0.0 -0.0 0.4
-2.7474612560173126 -8.598596187631388 0.0 -0.0 0.4
-4.857476383704186 10.609818389837638 0.0 -0.0 0.4
8.483936868106458 3.551827232258291 0.0 0.0 0.4
-13.836652289899357 -1.5770406720461787 0.0 -0.0 0.4
8.622439982695477 3.3290024258478423 0.0 0.0 0.4
8.82829153821247 11.98982433525126 0.0 0.0 0.4
-12.118012154262894 -2.431042900615223 0.0 -0.0 0.4
-13.575841263174665 -5.631175589489576 0.0 -0.0 0.4
-3.8358363854737605 14.904977019266198 0.0 -0.0 0.4
-8.595693894792527 -7.170710447214781 0.0 -0.0 0.4
8.872294126535747 8.721222797207055 0.0 0.0 0.4
-13.078822970127394 2.234558442042667 0.0 -0.0 0.4
-1.1182351954240635 -12.052263160410783 0.0 -0.0 0.4
3.784694998106202 7.412128806317619 0.0 0.0 0.4
10.684729569798684 2.1063588650805793 0.0 0.0 0.4
-7.635852835539707 2.8117227309857893 0.0 -0.0 0.4
-13.017149596314967 -4.238194294541738 0.0 -0.0 0.4
-8.16910390156889 4.096190154795949 0.0 -0.0 0.4
-13.185114634896072 -1.6302652903935664 0.0 -0.0 0.4
0.939010675901655 3.948098916180911 0.0 0.0 0.4
12.05040753611157 7.969057636855857 0.0 0.0 0.4
0.5115168796705977 -12.749445239030294 0.0 0.0 0.4
3.507843374343867 -2.96243934396093 0.0 0.0 0.4
-1.295975268349666 -8.348783164154197 0.0 -0.0 0.4
-13.994357704136556 -2.3499544104175216 0.0 -0.0 0.4
13.804863344291405 -3.589707368907467 0.0 0.0 0.4
-3.5180607082693593 -11.934730115101377 0.0 -0.0 0.4
-7.352675019894465 -2.242205262995666 0.0 -0.0 0.4
12.322580597931799 9.401336440103277 0.0 0.0 0.4
-2.5849284653992473 -10.574287934668952 0.0 -0.0 0.4
-0.933474972042146 -3.0203795373498803 0.0 -0.0 0.4
-2.080911206264074 10.111246888010376 0.0 -0.0 0.4
0.719707460614917 2.656546659711434 0.0 0.0 0.4
6.226807850956763 11.677314969859736 0.0 0.0 0.4
-10.888932977678744 1.4009461281426736 0.0 -0.0 0.4
2.597638848684069 -0.7611000888578117 0.0 0.0 0.4
2.9140514651160045 -12.780468722961373 0.0 0.0 0.4
12.200111810437225 -2.8631079631077756 0.0 0.0 0.4
11.005172692407141 9.342134521565965 0.0 0.0 0.4
11.883768043455213 2.014749724504033 0.0 0.0 0.4
-10.527437707692878 6.624887022040395 0.0 -0.0 0.4
4.652481918452298 -5.778150204090448 0.0 0.0 0.4
6.23519745183544 -2.472095311373848 0.0 0.0 0.4
-7.884430769847725 -9.752236603483063 0.0 -0.0 0.4
0.6695138589830122 8.546137004174877 0.0 0.0 0.4
9.882539594783033 9.34977215768249 0.0 0.0 0.4
0.06171807060239158 7.238281517054676 0.0 0.0 0.4
-5.2255727294211916 -10.008152379684791 0.0 -0.0 0.4
-3.024957865878024 0.4043218929499588 0.0 -0.0 0.4
-4.92595506569057 -5.696312336043531 0.0 -0.0 0.4
3.8873700531345836 0.05570084540693538 0.0 0.0 0.4
-8.271912580461578 -13.183331272133282 0.0 -0.0 0.4
-0.315613300804592 -1.8662470379251088 0.0 -0.0 0.4
0.44280560213330206 -15.712501433306127 0.0 0.0 0.4
-2.516302277731453 5.760772362136948 0.0 -0.0 0.4
12.363701705346338 -4.346430810616521 0.0 0.0 0.4
-7.197947734258316 -12.123273884725679 0.0 -0.0 0.4
7.91499327365687 12.95989154335196 0.0 0.0 0.4
-7.2994382341471 -8.26744823945038 0.0 -0.0 0.4
8.810172748031972 -4.231924455082174 0.0 0.0 0.4
-4.7762971370224285 8.199997208653832 0.0 -0.0 0.4
7.780524635663336 -0.18871762191788974 0.0 0.0 0.4
-7.752757515778899 1.2652440708386754 0.0 -0.0 0.4
-0.5726602315585212 -0.915086502944277 0.0 -0.0 0.4
4.672074512471904 -15.089021335133152 0.0 0.0 0.4
12.553545893346707 1.3774291879100764 0.0 0.0 0.4
-6.124557921246689 -11.694580241632574 0.0 -0.0 0.4
12.473710858410868 -2.750622696870999 0.0 0.0 0.4
-10.887450719102766 4.884483465892515 0.0 -0.0 0.4
9.693188972004926 -9.028392113660745 0.0 0.0 0.4
5.688495385908479 -13.961897776590629 0.0 0.0 0.4
1.2321644657355895 -11.270684781098238 0.0 0.0 0.4
-8.079406078259716 -11.221006847687267 0.0 -0.0 0.4
-11.368869906062448 -4.325739823420128 0.0 -0.0 0.4
-5.329302565411108 7.719792596505303 0.0 -0.0 0.4
10.169889091002304 4.771198023206207 0.0 0.0 0.4
-6.5408988970534185 1.8725316732084076 0.0 -0.0 0.4
5.652034780500911 1.3930826223968018 0.0 0.0 0.4
0.16347785266662562 13.256678323650481 0.0 0.0 0.4
-9.678576528445022 -5.859903625724357 0.0 -0.0 0.4
-14.345813537660932 -5.54193099941415 0.0 -0.0 0.4
-1.3425327185768683 -10.28376670461555 0.0 -0.0 0.4
-8.366473237890895 -6.188931077835951 0.0 -0.0 0.4
-9.360786044213787 -3.8687783552005213 0.0 -0.0 0.4
-4.073478141395505 9.731405997870658 0.0 -0.0 0.4
-0.04714091605152906 -7.5424936354522885 0.0 -0.0 0.4
-5.42645093033311 14.019047460896422 0.0 -0.0 0.4
-4.711541972042751 -2.2831027981204604 0.0 -0.0 0.4
10.377705865825035 9.036181131905916 0.0 0.0 0.4
3.893748869817568 15.074626480600086 0.0 0.0 0.4
5.404577632145432 -11.06798705985829 0.0 0.0 0.4
8.319829520016606 -8.609191660424505 0.0 0.0 0.4
5.104371350477954 10.31871230828866 0.0 0.0 0.4
-1.291100351383251 -4.751280855325989 0.0 -0.0 0.4
-7.491983791280696 -6.800225811175817 0.0 -0.0 0.4
11.05808899079036 2.9161530088091867 0.0 0.0 0.4
-11.541460406055284 -3.9214136622221663 0.0 -0.0 0.4
-6.841155125344114 7.647087246277538 0.0 -0.0 0.4
10.10509359109513 -4.385572295718869 0.0 0.0 0.4
-4.312812107380953 8.329173920610673 0.0 -0.0 0.4
-1.0847994626671416 13.894498209292987 0.0 -0.0 0.4
0.017198346583653493 10.99053199152419 0.0 0.0 0.4
-5.887784273927309 0.6026956137075462 0.0 -0.0 0.4
11.62835225792884 -8.524953645785303 0.0 0.0 0.4
12.07036974138074 -7.384518717362656 0.0 0.0 0.4
-8.412882897610313 8.819900744621266 0.0 -0.0 0.4
-13.377747528302917 5.719180236775609 0.0 -0.0 0.4
-4.0220979502191225 -10.7735749038797 0.0 -0.0 0.4
-9.550336170284094 -1.4517709338609976 0.0 -0.0 0.4
0.8864128041700009 -11.880771115471152 0.0 0.0 0.4
8.971409731380703 4.88805300850419 0.0 0.0 0.4
8.55727820022937 -12.138004769465397 0.0 0.0 0.4
-12.767195116812305 -2.493524130945197 0.0 -0.0 0.4
0.8667995802836603 -1.0912535003101673 0.0 0.0 0.4
-6.267722581731344 9.340196675201126 0.0 -0.0 0.4
1.2388304604928233 5.6180243942509875 0.0 0.0 0.4
-11.608504330710883 7.170607454620632 0.0 -0.0 0.4
7.443379298348801 11.22120604080178 0.0 0.0 0.4
-9.868420173062326 7.39895141399365 0.0 -0.0 0.4
-2.1788407456219425 -2.7666771073459273 0.0 -0.0 0.4
-10.617492348545431 -11.096149533743255 0.0 -0.0 0.4
3.3478481704124325 8.47946423926352 0.0 0.0 0.4
-1.0083829934285657 2.7557258955275326 0.0 -0.0 0.4
3.114582794508637 -8.828223259288933 0.0 0.0 0.4
6.041788724169713 3.0554943943630444 0.0 0.0 0.4
-15.206917661378046 -0.018960952665857088 0.0 -0.0 0.4
1.1399522245030071 -3.231184507352576 0.0 0.0 0.4
6.501763188599883 -12.571352588107175 0.0 0.0 0.4
-4.306590313154979 -7.00237512062004 0.0 -0.0 0.4
-14.360251059046204 -1.6896776546673378 0.0 -0.0 0.4
9.948903948067217 7.590206941257344 0.0 0.0 0.4
-2.4912428003224405 13.015117174884116 0.0 -0.0 0.4
-5.384544086330202 4.668309651765796 0.0 -0.0 0.4
-5.002778972242697 -14.835869110989798 0.0 -0.0 0.4
-10.99243967581676 0.3350349116747662 0.0 -0.0 0.4
11.912814760645121 -5.0603545090020985 0.0 0.0 0.4
2.8729532673123988 0.8838139589975293 0.0 0.0 0.4
0.5904407766563189 8.121437281663807 0.0 0.0 0.4
10.098002550969522 -2.820215822510285 0.0 0.0 0.4
9.684386844060345 -7.286320070663016 0.0 0.0 0.4
-4.653185888533209 7.90794894842564 0.0 -0.0 0.4
0.3147745222400545 -2.1531961282033443 0.0 0.0 0.4
6.340843504850211 3.750362025575156 0.0 0.0 0.4
-6.164398194663699 -14.484054510668486 0.0 -0.0 0.4
4.07180097968662 -5.271254611121972 0.0 0.0 0.4
-13.738319865567892 2.735917104385365 0.0 -0.0 0.4
15.228830698194189 3.5340141910810554 0.0 0.0 0.4
-4.979288098042252 3.0209821068667533 0.0 -0.0 0.4
2.3846232220853745 14.941142985275803 0.0 0.0 0.4
12.293645925595772 -7.106389566169043 0.0 0.0 0.4
14.45354305885017 -0.3577563206109925 0.0 0.0 0.4
0.17363955360668898 -5.719581121209935 0.0 0.0 0.4
-1.360039911816012 -15.561781350022638 0.0 -0.0 0.4
-4.751624925647075 3.441763281818858 0.0 -0.0 0.4
-2.2024150263651063 5.2751021108274525 0.0 -0.0 0.4
3.1096810914255713 -13.879766404485043 0.0 0.0 0.4
1.572089848020466 -5.15168587440019 0.0 0.0 0.4
-2.764313677377769 -13.202151365657118 0.0 -0.0 0.4
6.529048583336166 5.155132534318722 0.0 0.0 0.4
2.3138974387453803 -4.207694868138033 0.0 0.0 0.4
8.185371815202963 -0.45694395738983784 0.0 0.0 0.4
12.874790166635321 9.148013283795402 0.0 0.0 0.4
-13.047034183093794 1.7087356331303372 0.0 -0.0 0.4
-5.153462541422228 -8.568008810660618 0.0 -0.0 0.4
-8.04364720105077 7.28290595814052 0.0 -0.0 0.4
1.7226995299830752 -7.019514292641651 0.0 0.0 0.4
2.5153953596841667 6.573301881063202 0.0 0.0 0.4
-12.581624343689922 7.45345180989077 0.0 -0.0 0.4
-5.694697124322832 -13.912173318760908 0.0 -0.0 0.4
-11.022267992695584 8.679127052387292 0.0 -0.0 0.4
3.3776831292550904 -9.578785586454252 0.0 0.0 0.4
8.847332781503777 4.3048179672317595 0.0 0.0 0.4
-3.207216254290329 -4.0492840398960865 0.0 -0.0 0.4
13.501830805691142 -5.8062515551018565 0.0 0.0 0.4
-5.441920508226703 -14.346725258818935 0.0 -0.0 0.4
-3.8038988560949845 3.8232774942023697 0.0 -0.0 0.4
-6.367294240628657 12.35124048420572 0.0 -0.0 0.4
2.817883423988837 8.066829266610693 0.0 0.0 0.4
4.686682615663604 -7.657948859288305 0.0 0.0 0.4
2.76104584260244 13.5522906187327 0.0 0.0 0.4
-9.648325367694454 -9.789123592226103 0.0 -0.0 0.4
2.003462368084735 15.144135570154296 0.0 0.0 0.4
-0.5791643246304168 13.575402127950005 0.0 -0.0 0.4
6.2691008510866295 -13.694591969015963 0.0 0.0 0.4
-14.147699661393503 1.9943864128186113 0.0 -0.0 0.4
3.2240511530469043 8.106952282950054 0.0 0.0 0.4
-6.46213442929732 -11.724986905732763 0.0 -0.0 0.4
-9.756564183909646 -0.3937915260365829 0.0 -0.0 0.4
-10.832669444357926 -1.0245285446471655 0.0 -0.0 0.4
-7.213763808844053 -0.5026883958872682 0.0 -0.0 0.4
14.151672377657967 5.317520967660769 0.0 0.0 0.4
-8.676198450150192 -10.543181940992323 0.0 -0.0 0.4
-3.0459159239302127 13.73871639265553 0.0 -0.0 0.4
7.725587990106221 -2.5147373402767736 0.0 0.0 0.4
-4.9459980440360685 10.953040041508658 0.0 -0.0 0.4
-3.9219631119532217 -6.614411014560979 0.0 -0.0 0.4
-14.43824273090657 1.5636568849231933 0.0 -0.0 0.4
-13.304448467365495 -7.288233516715953 0.0 -0.0 0.4
0.7978032740342225 -14.049603460477403 0.0 0.0 0.4
-5.148470374082485 1.258432778476503 0.0 -0.0 0.4
-4.835327854186068 1.6984820407036905 0.0 -0.0 0.4
8.662230130461765 -1.3011485627912958 0.0 0.0 0.4
-6.466128073069664 -9.544478992710525 0.0 -0.0 0.4
-11.22848015702067 9.622341091250671 0.0 -0.0 0.4
-9.561533348731325 -0.6519083469898482 0.0 -0.0 0.4
7.534571460051541 -3.189100850008787 0.0 0.0 0.4
-0.5973892979741791 7.804993059621456 0.0 -0.0 0.4
15.046780946638268 -0.43928113153959863 0.0 0.0 0.4
9.028603944623697 -6.326758523714561 0.0 0.0 0.4
10.84581242587427 3.6644207753456572 0.0 0.0 0.4
-3.0889128663833256 7.039517088563433 0.0 -0.0 0.4
8.467673384044994 1.18755659801363 0.0 0.0 0.4
10.157688716334535 -11.105075167935118 0.0 0.0 0.4
5.530202964864652 0.5508468856800245 0.0 0.0 0.4
5.438547154477956 11.490808881124595 0.0 0.0 0.4
-11.029735141441517 -3.8626591792842935 0.0 -0.0 0.4
10.522668594646289 -4.466180933372317 0.0 0.0 0.4
7.99415585910389 4.351804302522223 0.0 0.0 0.4
-0.03835694220924916 14.750075270555701 0.0 -0.0 0.4
6.199775296122216 6.5409048713164974 0.0 0.0 0.4
-9.691065590647204 -3.5409033683877658 0.0 -0.0 0.4
5.250090495030141 13.724054287458971 0.0 0.0 0.4
8.736442868541479 -0.5694161709876646 0.0 0.0 0.4
-6.311568101702137 12.776499264731203 0.0 -0.0 0.4
10.590233763755279 3.5586192578492395 0.0 0.0 0.4
15.585187046226189 -0.8897155491898772 0.0 0.0 0.4
13.923340809500619 -1.139325273044356 0.0 0.0 0.4
-0.44051294841491345 -14.688811594448373 0.0 -0.0 0.4
-8.656533931919894 6.360821546968491 0.0 -0.0 0.4
2.760768881235766 9.257688055961081 0.0 0.0 0.4
-2.2391490955446773 12.922535569430574 0.0 -0.0 0.4
-13.03498205721511 -5.970103376994042 0.0 -0.0 0.4
-5.0229007444669715 9.206421967322601 0.0 -0.0 0.4
0.2652531877204612 -6.57550257450363 0.0 0.0 0.4
-8.981458948366766 -2.0920295502891952 0.0 -0.0 0.4
-5.795686314181932 7.90274410674891 0.0 -0.0 0.4
-9.660256949585964 -10.898226929282469 0.0 -0.0 0.4
-2.77021270319019 3.297520357073559 0.0 -0.0 0.4
-6.374310351736754 14.252307114430325 0.0 -0.0 0.4
2.1780193618694486 -1.490564944528372 0.0 0.0 0.4
-7.287269409596411 -13.30541158123941 0.0 -0.0 0.4
-8.830069285274298 7.70165410098908 0.0 -0.0 0.4
5.036324054177297 14.24227142584826 0.0 0.0 0.4
2.4489768720695855 4.5205090924273374 0.0 0.0 0.4
-11.270959608498192 -1.099865147767346 0.0 -0.0 0.4
0.6970239455445828 -5.3530211338300395 0.0 0.0 0.4
1.89117566955506 14.49112534563006 0.0 0.0 0.4
-11.476935764930356 -3.5469509559192316 0.0 -0.0 0.4
4.038782036567011 1.4625518857932591 0.0 0.0 0.4
2.065817599610569 1.5848297322659683 0.0 0.0 0.4
0.7957807107248611 15.202216910259613 0.0 0.0 0.4
13.50268303404117 3.364038327528321 0.0 0.0 0.4
8.62239584854344 -3.742838633693032 0.0 0.0 0.4
-0.2180302570663557 1.1756975664562213 0.0 -0.0 0.4
9.168494649812809 -12.14738074335602 0.0 0.0 0.4
-2.7081300278830915 7.32014652733262 0.0 -0.0 0.4
12.287494974743703 -0.24216499447827447 0.0 0.0 0.4
-4.645811637451726 -5.1837519345414105 0.0 -0.0 0.4
2.947606999450935 8.54678699009884 0.0 0.0 0.4
10.577966985151656 0.657998911464351 0.0 0.0 0.4
12.501759667970534 3.3850454414675886 0.0 0.0 0.4
-8.817530870246378 5.937403648571903 0.0 -0.0 0.4
8.569671504205129 2.367693069752894 0.0 0.0 0.4
-5.027020908455663 8.036610112015836 0.0 -0.0 0.4
5.821014626207874 0.3137007900940366 0.0 0.0 0.4
-0.8846246077665485 -9.299756196991428 0.0 -0.0 0.4
8.594695400437674 -1.0176373720326606 0.0 0.0 0.4
14.49670395156961 6.214930751203931 0.0 0.0 0.4
-3.31803589367178 9.680053331422412 0.0 -0.0 0.4
-0.7610051981882456 5.761273035223041 0.0 -0.0 0.4
-4.640232640831333 -10.08281639252591 0.0 -0.0 0.4
-8.17517889947163 -2.7442095948077005 0.0 -0.0 0.4
-4.7156398358060025 1.3502958542828551 0.0 -0.0 0.4
8.917146430031867 -8.405169949596049 0.0 0.0 0.4
-11.336935142073024 -5.33755928125819 0.0 -0.0 0.4
0.09561356161053089 12.608593358772756 0.0 0.0 0.4
9.629730031139795 -0.005716576298742934 0.0 0.0 0.4
12.19957171125401 -3.943166138514637 0.0 0.0 0.4
4.1433896859840935 -4.439558003070885 0.0 0.0 0.4
-5.990594964177685 -0.18675575499253397 0.0 -0.0 0.4
5.597690908151538 1.071481445382697 0.0 0.0 0.4
7.466894075327945 5.046175731108665 0.0 0.0 0.4
-11.809013977521113 -5.27190703275427 0.0 -0.0 0.4
1.1754090352481434 14.238706855730852 0.0 0.0 0.4
-5.812467195291286 -13.533946452938068 0.0 -0.0 0.4
-8.742632806257353 -0.45302234200923774 0.0 -0.0 0.4
-7.341624421264471 4.789551538121421 0.0 -0.0 0.4
15.392318531795217 0.12209967031250842 0.0 0.0 0.4
2.424523065538621 -5.293877168850425 0.0 0.0 0.4
1.0354453521777338 -10.211914666800496 0.0 0.0 0.4
0.4494296712661657 -6.302879699440775 0.0 0.0 0.4
-2.843609347886999 -0.8806739587055296 0.0 -0.0 0.4
2.5962611794038577 10.608141765656061 0.0 0.0 0.4
5.606227099204829 5.7862716954586455 0.0 0.0 0.4
-1.8834797564238968 8.088565503888653 0.0 -0.0 0.4
11.368282804178186 -6.900764341732459 0.0 0.0 0.4
12.077326286340773 -6.600902119487973 0.0 0.0 0.4
-2.891457271576719 10.4581462732801 0.0 -0.0 0.4
12.122300009839643 -4.2101036841825 0.0 0.0 0.4
-2.2344503108167713 6.834237747742762 0.0 -0.0 0.4
0.19794459437296602 -8.654831014062076 0.0 0.0 0.4
-5.910709175586701 4.042834135119688 0.0 -0.0 0.4
-0.23040616051265442 -13.822771543907189 0.0 -0.0 0.4
10.373667985320322 -2.926152633313662 0.0 0.0 0.4
-14.915580212541439 -0.9322555987494063 0.0 -0.0 0.4
6.729610942803296 -5.124415091376571 0.0 0.0 0.4
3.4584537418202026 -3.3389904129374854 0.0 0.0 0.4
-11.786257215613677 -0.46550418956897976 0.0 -0.0 0.4
0.27635530862594004 2.152507709289834 0.0 0.0 0.4
-0.469784552112088 15.139512987278623 0.0 -0.0 0.4
-9.905480472869547 4.983438232025295 0.0 -0.0 0.4
-6.440269130639268 2.9209281819254067 0.0 -0.0 0.4
5.012090672847214 11.904446636985131 0.0 0.0 0.4
12.516548151660224 -5.48026330659158 0.0 0.0 0.4
5.3142736915553055 1.299226868101305 0.0 0.0 0.4
12.249090977143222 -9.6568541609018 0.0 0.0 0.4
12.002772736221075 -9.668830160867424 0.0 0.0 0.4
15.106930335117811 -1.9418235954036918 0.0 0.0 0.4
-3.9602360422130536 0.45764918467027876 0.0 -0.0 0.4
-14.362597198989791 0.9941947444563664 0.0 -0.0 0.4
-10.727401126822537 -4.693315716344241 0.0 -0.0 0.4
-2.4697672324322153 -9.335398427914775 0.0 -0.0 0.4
-9.220819878977567 8.095978794946381 0.0 -0.0 0.4
-6.988902130629327 2.4783396042466395 0.0 -0.0 0.4
0.39589354790730436 -12.15096090824783 0.0 0.0 0.4
-6.043525851481937 9.068426914758218 0.0 -0.0 0.4
1.6389128512410218 -13.676308633935582 0.0 0.0 0.4
-13.227179293871265 2.5808566191036313 0.0 -0.0 0.4
1.0905014997337292 -5.272511182728632 0.0 0.0 0.4
-7.666937794437662 2.5273395444232944 0.0 -0.0 0.4
0.5582937560730552 -1.6222289691163252 0.0 0.0 0.4
-12.252358921001568 -5.087177509952929 0.0 -0.0 0.4
8.78955958004239 -3.116521212128172 0.0 0.0 0.4
-10.613718200657443 10.099038341544102 0.0 -0.0 0.4
-12.38891563711106 0.6172734503015912 0.0 -0.0 0.4
13.920539760662093 2.1723765438761697 0.0 0.0 0.4
3.184984575410355 -7.865008032128958 0.0 0.0 0.4
3.6902141093821528 9.747499816974074 0.0 0.0 0.4
13.367888244493798 -3.8407991371089047 0.0 0.0 0.4
-3.8327897922745353 8.710918015246106 0.0 -0.0 0.4
6.723371148010244 -4.080313143581184 0.0 0.0 0.4
-1.8003642435290246 -0.6969699562447246 0.0 -0.0 0.4
8.114204345941973 5.993907391323733 0.0 0.0 0.4
-7.088921529541622 4.259627420637312 0.0 -0.0 0.4
-4.7988462439202495 -0.65683611427721 0.0 -0.0 0.4
-3.566165999362398 8.082769210393334 0.0 -0.0 0.4
-6.071068139802299 13.515608907490606 0.0 -0.0 0.4
8.226855360950665 13.352736370873874 0.0 0.0 0.4
-0.34079312241012105 11.069713323681286 0.0 -0.0 0.4
3.0880761812516817 11.746183177754377 0.0 0.0 0.4
14.92918138951137 0.044961497556328715 0.0 0.0 0.4
-14.392412218570957 -2.7608905059839155 0.0 -0.0 0.4
-3.4608741004668846 0.08910303914328006 0.0 -0.0 0.4
-3.0276341925953916 -4.314556881625026 0.0 -0.0 0.4
-4.652685548160853 -14.97597106908523 0.0 -0.0 0.4
-9.429961917657318 -0.9830386441611286 0.0 -0.0 0.4
-4.0550163576141385 -4.769353972089428 0.0 -0.0 0.4
-6.302699511623536 11.657362915764576 0.0 -0.0 0.4
-6.875383334680209 -4.402602311347387 0.0 -0.0 0.4
-1.9789685310205407 9.321036634008982 0.0 -0.0 0.4
1.8113988375417243 9.797791198833837 0.0 0.0 0.4
-0.46644996324873733 1.2814895959695591 0.0 -0.0 0.4
12.542922844695815 -3.5269741603157603 0.0 0.0 0.4
-8.95459324530511 -6.792698794343101 0.0 -0.0 0.4
4.888674820345331 -13.519551500387758 0.0 0.0 0.4
-9.337231219590977 7.680795883600531 0.0 -0.0 0.4
-0.13263905965496933 -6.443540987712697 0.0 -0.0 0.4
-11.749592435122224 3.0376371982869173 0.0 -0.0 0.4
-5.528086188202702 8.88861001165614 0.0 -0.0 0.4
-11.958981640607917 -8.181043963773071 0.0 -0.0 0.4
0.2881115505778292 -10.817611962890116 0.0 0.0 0.4
9.669852895306065 -11.793476747085414 0.0 0.0 0.4
-7.131921368903484 -5.614447751584892 0.0 -0.0 0.4
-7.96387841681796 -3.378214346015374 0.0 -0.0 0.4
-6.061126732054099 -4.277831103151171 0.0 -0.0 0.4
10.08864490828818 9.530189881746136 0.0 0.0 0.4
-8.508921784862741 6.0169362173019385 0.0 -0.0 0.4
-1.0495516199696922 -2.7855766868555043 0.0 -0.0 0.4
12.82819318265145 -4.6067649087312335 0.0 0.0 0.4
-7.089544658727463 11.466145414143856 0.0 -0.0 0.4
3.1541289428141677 14.000202370534144 0.0 0.0 0.4
-2.222615102705102 -7.291270827008487 0.0 -0.0 0.4
11.120163369168298 -9.631011304406517 0.0 0.0 0.4
-7.123444585764622 -6.58533568851657 0.0 -0.0 0.4
-6.321002617331603 8.456793654765722 0.0 -0.0 0.4
-7.327930098552315 13.335725238544118 0.0 -0.0 0.4
6.1607384331397075 1.6717315044673688 0.0 0.0 0.4
13.871236465690073 -2.992555315639519 0.0 0.0 0.4
-11.06004470242432 -4.467783443613059 0.0 -0.0 0.4
3.379657950185695 -0.8231691331691113 0.0 0.0 0.4
0.5601085252207981 13.16398979777957 0.0 0.0 0.4
-2.331189615506825 -5.36353920571465 0.0 -0.0 0.4
-6.521234669053113 -3.8586763562435276 0.0 -0.0 0.4
-5.656071371880606 -7.302728444088858 0.0 -0.0 0.4
4.999827105686536 -7.225684804869323 0.0 0.0 0.4
-1.9218766971814136 -3.1831220567719907 0.0 -0.0 0.4
-2.3714801521950464 14.862980199190046 0.0 -0.0 0.4
-8.104328188877716 13.244988033378055 0.0 -0.0 0.4
9.266810783573087 -5.263268975602468 0.0 0.0 0.4
11.728306500625429 5.540519948211084 0.0 0.0 0.4
-7.715365979179863 10.824819141723191 0.0 -0.0 0.4
15.06874734025455 0.3859256246430708 0.0 0.0 0.4
9.896025995016023 -1.9108252272100807 0.0 0.0 0.4
7.783651978678163 4.69660690155357 0.0 0.0 0.4
11.224277490930426 2.0799126911098456 0.0 0.0 0.4
-11.600230945939227 -7.624853677271677 0.0 -0.0 0.4
3.105288973537842 5.233047045064739 0.0 0.0 0.4
-13.822505569449383 -3.7277125029467078 0.0 -0.0 0.4
-10.161814300779657 -10.860117235172568 0.0 -0.0 0.4
-9.336454237602569 -4.364105843621972 0.0 -0.0 0.4
-10.333706173170496 -11.80443680503136 0.0 -0.0 0.4
-13.664576075852283 6.1377694455371525 0.0 -0.0 0.4
-0.3698142672602084 12.670288389542334 0.0 -0.0 0.4
-2.759613397741291 5.428665909207205 0.0 -0.0 0.4
-2.7853670712967165 15.521677465576435 0.0 -0.0 0.4
1.9651685756107464 -7.63681582236641 0.0 0.0 0.4
-3.6022026888293595 4.443379089822389 0.0 -0.0 0.4
-6.831512968470727 -0.19228327690928407 0.0 -0.0 0.4
-10.245919472255501 9.65873757124468 0.0 -0.0 0.4
-6.011684388320658 6.596039454722219 0.0 -0.0 0.4
2.511764240152747 -3.2900590239025496 0.0 0.0 0.4
-10.492342806607594 3.166123025643533 0.0 -0.0 0.4
12.211573819458577 3.457586495522031 0.0 0.0 0.4
-14.068151872914271 5.527497378293597 0.0 -0.0 0.4
-9.139651391337408 -4.687668389747204 0.0 -0.0 0.4
5.364897980568091 -14.510061547191954 0.0 0.0 0.4
3.245933407816101 -8.555188797463705 0.0 0.0 0.4
4.016562250850708 7.872372794746137 0.0 0.0 0.4
-3.4532102923035226 -5.799332966719084 0.0 -0.0 0.4
11.794671695769676 -2.7013231766417904 0.0 0.0 0.4
-8.410080083421303 1.5962814219272623 0.0 -0.0 0.4
6.394972857019969 7.366747961567126 0.0 0.0 0.4
0.38307540378474453 -0.05002191279908143 0.0 0.0 0.4
8.07694652540148 4.799116809229269 0.0 0.0 0.4
1.8587766309514677 -12.553388574401202 0.0 0.0 0.4
13.266070209219547 3.281700246257114 0.0 0.0 0.4
11.965812119158059 -8.266069865652971 0.0 0.0 0.4
-8.758924912201222 3.1334563690080115 0.0 -0.0 0.4
-3.87723230191652 4.214594994958882 0.0 -0.0 0.4
12.920942744728261 8.862525027111193 0.0 0.0 0.4
12.57913035618669 -4.84015367665571 0.0 0.0 0.4
2.9436985749748703 5.832111469507292 0.0 0.0 0.4
7.793512386328509 10.34222696200912 0.0 0.0 0.4
8.86089257774128 10.344343666038633 0.0 0.0 0.4
-2.1955940941745378 14.30931651099847 0.0 -0.0 0.4
3.5434798472187317 -10.773580396902506 0.0 0.0 0.4
-4.1914419552626585 5.353472971848117 0.0 -0.0 0.4
1.143740828558749 -15.139352164253959 0.0 0.0 0.4
9.439463207355182 -12.326023661196436 0.0 0.0 0.4
-10.332912111534867 -1.9556715347676694 0.0 -0.0 0.4
-3.255996921459105 12.833584404449033 0.0 -0.0 0.4
-8.524979798173227 -1.7255745242104394 0.0 -0.0 0.4
12.216065765510024 -1.2781691222931415 0.0 0.0 0.4
-0.5077361531876898 -3.372985701665309 0.0 -0.0 0.4
7.114612437895981 -7.229661916358669 0.0 0.0 0.4
2.2896924060187045 -12.268791983499323 0.0 0.0 0.4
-8.6172372448093 -12.315766593549624 0.0 -0.0 0.4
-5.051283899738297 4.135680179363605 0.0 -0.0 0.4
10.861352332305957 9.017271937867344 0.0 0.0 0.4
-2.777220507155188 6.366186187137789 0.0 -0.0 0.4
-5.971369296259005 10.6785558437889 0.0 -0.0 0.4
7.5326161277297485 -9.175007135758534 0.0 0.0 0.4
3.946303961279742 8.851172922468589 0.0 0.0 0.4
-6.476357386378492 -1.5778665646251886 0.0 -0.0 0.4
14.74265362003866 2.4917440450621244 0.0 0.0 0.4
2.693488797573545 -14.732443470002973 0.0 0.0 0.4
4.067396476715088 -0.3341684847113309 0.0 0.0 0.4
-5.078712634876762 13.356827509057018 0.0 -0.0 0.4
0.8293788681365201 8.220851279949182 0.0 0.0 0.4
-6.748508644625265 5.808942314460994 0.0 -0.0 0.4
-14.291924595472777 3.7239439930640734 0.0 -0.0 0.4
-2.848719614737135 4.869117887059112 0.0 -0.0 0.4
1.0061624277085812 -5.044462897551534 0.0 0.0 0.4
5.165727941559969 2.8110011708378915 0.0 0.0 0.4
3.6853504563095556 -9.825786976851324 0.0 0.0 0.4
11.820462094682362 -2.1734468850810824 0.0 0.0 0.4
0.8648259952750508 3.1520918262134265 0.0 0.0 0.4
7.614162230828533 -1.5311590641153068 0.0 0.0 0.4
-7.332653557747025 -10.155560437808708 0.0 -0.0 0.4
-6.158541570519421 11.393243623393314 0.0 -0.0 0.4
-8.903931342358323 -11.717856457868027 0.0 -0.0 0.4
-6.100784861546441 -3.2534993045766245 0.0 -0.0 0.4
-11.324875601270396 -5.592284262151927 0.0 -0.0 0.4
1.2789600711536482 7.453026327362921 0.0 0.0 0.4
0.877799219666213 -1.416866497097871 0.0 0.0 0.4
5.169843112890652 3.8586691947311436 0.0 0.0 0.4
-3.0843333445654255 13.269991183292253 0.0 -0.0 0.4
5.354057250086681 -12.01617607964376 0.0 0.0 0.4
8.793328868379078 -7.095035377039429 0.0 0.0 0.4
12.520675290963966 -9.643533757283254 0.0 0.0 0.4
-7.684954857730632 -9.919383990193452 0.0 -0.0 0.4
-8.530309688605616 -0.8333407360342896 0.0 -0.0 0.4
-2.1191725671630817 0.3993632877738037 0.0 -0.0 0.4
-1.9762661513541369 -14.29335666449773 0.0 -0.0 0.4
2.648475563716359 2.7196641330624867 0.0 0.0 0.4
-2.3802809692435356 -13.90561975803268 0.0 -0.0 0.4
-6.991281987597835 3.5342344519284152 0.0 -0.0 0.4
11.648631621365183 0.9707878829294788 0.0 0.0 0.4
-1.9562897418424565 12.255220374582207 0.0 -0.0 0.4
-0.6992573157940541 -1.371718775168036 0.0 -0.0 0.4
-8.327850495960854 12.850942527033267 0.0 -0.0 0.4
12.112675995602142 6.913153808803191 0.0 0.0 0.4
-13.455028519213792 3.0883709529796746 0.0 -0.0 0.4
10.2736408795573 10.719148349364495 0.0 0.0 0.4
-8.681547141789984 -6.164931103782801 0.0 -0.0 0.4
2.283675246055288 -1.9774720648454815 0.0 0.0 0.4
-3.1709056068695887 -14.249312310013106 0.0 -0.0 0.4
2.330421211551753 -13.684594151145143 0.0 0.0 0.4
-9.16837959340732 4.733203175456113 0.0 -0.0 0.4
3.3137959373505557 -4.992791351541845 0.0 0.0 0.4
3.5546310925410203 -7.197934814097495 0.0 0.0 0.4
0.03338098376854393 -10.213658577821466 0.0 0.0 0.4
1.8180011536439313 -13.488596681467548 0.0 0.0 0.4
-14.957289567330728 -3.710001576714468 0.0 -0.0 0.4
-6.696664500807385 0.2706181006629918 0.0 -0.0 0.4
0.820965786753974 -7.40122306495905 0.0 0.0 0.4
13.589382893075149 7.448992208838298 0.0 0.0 0.4
4.696777250770022 -8.923316809601461 0.0 0.0 0.4
7.239623550843055 -4.248024200739957 0.0 0.0 0.4
1.4139707124744285 9.031369151977206 0.0 0.0 0.4
7.944999022957203 -9.741977125093737 0.0 0.0 0.4
10.949562616339675 10.046619836269885 0.0 0.0 0.4
-10.773083332837261 3.7973781866352656 0.0 -0.0 0.4
15.477647807726536 1.2877437556648361 0.0 0.0 0.4
-7.796645406680332 -3.7028793911405526 0.0 -0.0 0.4
-3.548381381602726 11.769728364988143 0.0 -0.0 0.4
-0.08758120572046155 12.877847907859891 0.0 -0.0 0.4
4.939224254460774 -1.1490844624372254 0.0 0.0 0.4
14.119597813554737 -2.8809742827230935 0.0 0.0 0.4
0.48653741222872976 -4.154371100655641 0.0 0.0 0.4
7.78997954039681 0.4673093253487288 0.0 0.0 0.4
-0.3082932047136377 3.2494167847852555 0.0 -0.0 0.4
-1.7212725248903715 -3.6986686962895994 0.0 -0.0 0.4
-11.722678025921399 -2.5124414443875356 0.0 -0.0 0.4
-11.984371337939839 -0.8500934751201686 0.0 -0.0 0.4
-10.772591252285258 -5.023686396719074 0.0 -0.0 0.4
5.167503011480444 -10.477992312341899 0.0 0.0 0.4
-7.137436498264858 -4.883902144313201 0.0 -0.0 0.4
-8.257658646479422 -4.7828700771723005 0.0 -0.0 0.4
2.1459471997610313 -8.290924163707475 0.0 0.0 0.4
-6.448904868187435 -6.420427333386277 0.0 -0.0 0.4
-10.519413908053275 -7.253041038582701 0.0 -0.0 0.4
3.095033419760806 -2.014910312607771 0.0 0.0 0.4
-3.2110908268926432 8.001834243149146 0.0 -0.0 0.4
-4.616651273633176 14.705099316355842 0.0 -0.0 0.4
-8.607459753111366 -8.013643146345764 0.0 -0.0 0.4
1.356127883138122 4.83567983740051 0.0 0.0 0.4
0.6334549129195538 -0.8105462811562173 0.0 0.0 0.4
6.438902178287571 8.433205191455663 0.0 0.0 0.4
-15.224280940449866 -4.177948211766421 0.0 -0.0 0.4
-7.43206031578875 10.248004789414956 0.0 -0.0 0.4
8.89890260740232 -12.466684090660644 0.0 0.0 0.4
4.431765012815446 8.614126720904219 0.0 0.0 0.4
-3.686983986353274 0.1849407464991575 0.0 -0.0 0.4
10.00280660046005 0.06459865546489091 0.0 0.0 0.4
-9.850172229308116 6.976365075962477 0.0 -0.0 0.4
13.14115015923083 5.234880551557095 0.0 0.0 0.4
-10.508898057703002 -0.8635790723338582 0.0 -0.0 0.4
9.989425491500027 2.732219455615818 0.0 0.0 0.4
-0.4201617729069705 6.910367786609852 0.0 -0.0 0.4
-2.2436056484764997 -3.1973124280941594 0.0 -0.0 0.4
10.950476622938137 0.30826547388992837 0.0 0.0 0.4
5.224344046269551 -1.9537889135790745 0.0 0.0 0.4
5.941648621567396 -3.3192192823714857 0.0 0.0 0.4
15.47261864577572 -3.096433678009793 0.0 0.0 0.4
1.734785017075307 11.006411577548498 0.0 0.0 0.4
-7.863047860995101 -6.646632340289902 0.0 -0.0 0.4
6.012472739433539 -13.135124044757783 0.0 0.0 0.4
-8.292473601425485 -6.906140900742416 0.0 -0.0 0.4
10.143903962769246 8.494122604087881 0.0 0.0 0.4
-9.320267923283842 -6.713118547858438 0.0 -0.0 0.4
-10.905370266234547 -1.9525464917628117 0.0 -0.0 0.4
10.55173188187784 -9.467466748105995 0.0 0.0 0.4
-11.023310976972876 7.129883147969031 0.0 -0.0 0.4
2.530901178255282 0.39566907810384694 0.0 0.0 0.4
-12.287864291742679 -6.532656851591407 0.0 -0.0 0.4
13.908928524433362 -4.616350970220043 0.0 0.0 0.4
-3.4297044828602146 3.9945217241510913 0.0 -0.0 0.4
-3.0183492215688488 12.576929224848138 0.0 -0.0 0.4
5.393662050625631 4.927152673550825 0.0 0.0 0.4
-5.2250354002140496 9.504397412028093 0.0 -0.0 0.4
-9.197401521186398 1.684013724364996 0.0 -0.0 0.4
-1.7014042968877143 -4.895328453739528 0.0 -0.0 0.4
-3.7204220209629475 -5.616938384867576 0.0 -0.0 0.4
-13.660747658466939 2.190932241291576 0.0 -0.0 0.4
1.446749344684871 6.355840809613117 0.0 0.0 0.4
-11.530448214783084 4.23131978046336 0.0 -0.0 0.4
-5.1076445074532195 -10.543149751360419 0.0 -0.0 0.4
-2.942995927738492 -9.391114147003043 0.0 -0.0 0.4
-13.422524410404037 1.7555785837730413 0.0 -0.0 0.4
-1.0536356024792568 -13.5223365133337 0.0 -0.0 0.4
0.6600238950564575 10.62524595337849 0.0 0.0 0.4
0.43669864483704257 7.424083085658284 0.0 0.0 0.4
-14.291506745793201 1.2924544558714386 0.0 -0.0 0.4
-4.269326637590979 -7.853687934817257 0.0 -0.0 0.4
-11.351356240361298 -9.73559416616078 0.0 -0.0 0.4
5.824106529806136 8.534532419609631 0.0 0.0 0.4
4.442191054442987 1.7807449728854636 0.0 0.0 0.4
8.24283445908239 -2.6750672104795874 0.0 0.0 0.4
5.132767516497901 -6.914486639615435 0.0 0.0 0.4
8.411182732147894 3.0781702956493344 0.0 0.0 0.4
12.569778565132866 8.356867186480795 0.0 0.0 0.4
4.087836106362458 14.242932289530279 0.0 0.0 0.4
5.733040511286102 -6.739516497482204 0.0 0.0 0.4
4.309933897816163 14.531376106756072 0.0 0.0 0.4
-0.8779977196880882 -5.985675857321532 0.0 -0.0 0.4
4.530000134491245 -0.7765000088662835 0.0 0.0 0.4
2.6046992659895616 14.819678446333755 0.0 0.0 0.4
-4.554973450174384 2.0015923313048165 0.0 -0.0 0.4
7.5292246111073675 0.291086682244652 0.0 0.0 0.4
7.894072876343999 -0.7856524828914355 0.0 0.0 0.4
-0.6735693956666804 13.960988675112336 0.0 -0.0 0.4
13.939460369000702 -0.4448254581676914 0.0 0.0 0.4
0.185303888418762 -13.878487383188984 0.0 0.0 0.4
2.2610466147401898 -12.942277015576225 0.0 0.0 0.4
-1.6543895600050345 -9.988070788172045 0.0 -0.0 0.4
12.464288711420817 6.139515385014556 0.0 0.0 0.4
4.524009926236479 10.05136247397028 0.0 0.0 0.4
-0.4694029281672894 -0.5622714866826725 0.0 -0.0 0.4
6.778571697573652 4.665668328850623 0.0 0.0 0.4
8.316031363652312 7.806619151495039 0.0 0.0 0.4
-11.415141243853599 -4.994523205603342 0.0 -0.0 0.4
-4.635582223025997 6.731650407482671 0.0 -0.0 0.4
0.6195563495584214 14.54813048161581 0.0 0.0 0.4
5.676474266354441 4.248554170183804 0.0 0.0 0.4
9.175770838752543 5.895023872834767 0.0 0.0 0.4
6.49562721108149 5.705030233792915 0.0 0.0 0.4
8.548029152518518 9.808472584465276 0.0 0.0 0.4
7.6070431931520295 -6.975507633314689 0.0 0.0 0.4
-12.597229221905058 -4.179701657133184 0.0 -0.0 0.4
4.247476314900235 5.444288909261569 0.0 0.0 0.4
4.3661748888953875 12.610587547063211 0.0 0.0 0.4
5.457023076473219 12.651924417207631 0.0 0.0 0.4
-13.870622566805253 6.397582011556537 0.0 -0.0 0.4
-8.861840049495505 -8.87531479118134 0.0 -0.0 0.4
-4.813801404487208 7.082048346485525 0.0 -0.0 0.4
8.524092512623886 -12.501857264897692 0.0 0.0 0.4
-5.31214865736109 11.036591364053455 0.0 -0.0 0.4
-10.415764520767198 -10.63462687829374 0.0 -0.0 0.4
9.467958951284336 3.1247716567163386 0.0 0.0 0.4
13.722194188460497 -0.6767249207509791 0.0 0.0 0.4
-11.15520003740835 -8.330404271986371 0.0 -0.0 0.4
-5.229985137510253 5.656909472878723 0.0 -0.0 0.4
5.083753799438063 -3.6232756762514566 0.0 0.0 0.4
-1.7956997405431718 7.466836992319228 0.0 -0.0 0.4
-12.271670744105473 9.934631517442192 0.0 -0.0 0.4
11.323635027453191 5.183632175316133 0.0 0.0 0.4
5.757903860547999 -1.9422614257547552 0.0 0.0 0.4
-4.34765568876944 8.63025481044543 0.0 -0.0 0.4
8.454705922113561 -5.3226923556695915 0.0 0.0 0.4
13.600491359937266 7.908728119250389 0.0 0.0 0.4
1.2356028083407524 -13.825951062518131 0.0 0.0 0.4
-7.412093220728087 12.04635093222229 0.0 -0.0 0.4
4.692500790069984 8.311314034918645 0.0 0.0 0.4
-2.6563956333171417 3.822120688810476 0.0 -0.0 0.4
0.08445143631227178 3.850993202987884 0.0 0.0 0.4
8.047729778467673 -2.0766521246134646 0.0 0.0 0.4
3.861097817030061 -14.564859955225895 0.0 0.0 0.4
-0.9916578301307077 15.647014312286213 0.0 -0.0 0.4
2.989246359266307 -0.5754831439818731 0.0 0.0 0.4
-1.4222475423361354 -0.34794167205046395 0.0 -0.0 0.4
6.141114326592976 -9.531979539502833 0.0 0.0 0.4
6.23097737940403 -11.115927694469814 0.0 0.0 0.4
-1.3373748756333443 7.334234573649002 0.0 -0.0 0.4
-2.297588088637253 9.208230986303631 0.0 -0.0 0.4
-7.604612109232444 5.7538201022629725 0.0 -0.0 0.4
-10.696305224316909 -8.410462045311096 0.0 -0.0 0.4
-1.7999023874242983 -13.482205137148682 0.0 -0.0 0.4
-7.227747791383152 -0.9728885566768257 0.0 -0.0 0.4
-10.420215327962252 -3.8679217682960183 0.0 -0.0 0.4
-10.514208764617209 11.140844333208708 0.0 -0.0 0.4
-10.519203992142538 3.9603270148731773 0.0 -0.0 0.4
0.1738976634166548 -13.009044634889076 0.0 0.0 0.4
5.392109457311174 9.937257113491054 0.0 0.0 0.4
-7.421845780508539 11.622182175970986 0.0 -0.0 0.4
-3.9734131951618012 7.04220387687312 0.0 -0.0 0.4
-9.220573941043547 -5.256342719665504 0.0 -0.0 0.4
-9.848619813195835 -9.21192603355592 0.0 -0.0 0.4
-0.8241162007715199 -6.752300267212041 0.0 -0.0 0.4
8.900374135324256 6.725768965257605 0.0 0.0 0.4
-7.3807740063177505 3.3311544068832157 0.0 -0.0 0.4
10.517190901092135 -0.6491129714271227 0.0 0.0 0.4
-6.357053085565581 3.3452682591496603 0.0 -0.0 0.4
-3.271985484974117 12.162613672151187 0.0 -0.0 0.4
-1.5985695469007402 -4.457161694450694 0.0 -0.0 0.4
-4.093512529516942 -2.51003344073869 0.0 -0.0 0.4
-3.2263467846448104 -2.7276166325538496 0.0 -0.0 0.4
12.860496395229385 1.4748760698072936 0.0 0.0 0.4
9.231151774023523 7.713087720814732 0.0 0.0 0.4
10.402568698302586 -9.665529862928821 0.0 0.0 0.4
-5.512030977193497 -0.9511677763289047 0.0 -0.0 0.4
-13.259126637301852 -3.7004117261673803 0.0 -0.0 0.4
-0.048255123525070893 6.053056532974189 0.0 -0.0 0.4
1.6219347573933411 1.5435476819448513 0.0 0.0 0.4
-3.9493134800405207 10.414540882334665 0.0 -0.0 0.4
14.461324223220116 -3.346573254668461 0.0 0.0 0.4
9.893388611264387 -6.769694097023813 0.0 0.0 0.4
-9.635020397763093 -6.107078009510496 0.0 -0.0 0.4
4.6684914829240505 6.897645892245308 0.0 0.0 0.4
10.849382029414418 -4.390122724921286 0.0 0.0 0.4
-12.124420543590752 6.683574668191831 0.0 -0.0 0.4
-13.806586543569509 7.415606834307338 0.0 -0.0 0.4
0.09784600944221906 15.084212157015402 0.0 0.0 0.4
-0.3359480040997977 5.1082050917397055 0.0 -0.0 0.4
13.937757205076439 -3.3680466620788967 0.0 0.0 0.4
2.1545890173952236 13.38136639542056 0.0 0.0 0.4
-0.7009012254492921 11.424579446833329 0.0 -0.0 0.4
14.463261670106958 -3.0214148816806725 0.0 0.0 0.4
-7.074072750723207 5.740652768021908 0.0 -0.0 0.4
7.038117878433352 -10.836665421367785 0.0 0.0 0.4
-3.181179937201715 14.694110440387659 0.0 -0.0 0.4
11.510032367595764 -2.1056338031568917 0.0 0.0 0.4
2.566612100084335 -12.105658963503156 0.0 0.0 0.4
-2.068308467378711 -9.690254335286012 0.0 -0.0 0.4
4.278523156646359 0.1459959861740995 0.0 0.0 0.4
-1.9603478450700995 6.102317330556309 0.0 -0.0 0.4
1.172331895247429 -10.433606416781831 0.0 0.0 0.4
11.575546979802347 -1.3028310176971767 0.0 0.0 0.4
-9.822238212438132 2.9861432432780854 0.0 -0.0 0.4
-13.34278112211727 -4.913610050325939 0.0 -0.0 0.4
-7.627775414850052 -3.3114420479498765 0.0 -0.0 0.4
-5.051305063360229 1.0274094824101712 0.0 -0.0 0.4
2.885794217104568 -9.22553770806683 0.0 0.0 0.4
2.397523341082143 -14.90713758446947 0.0 0.0 0.4
-6.387359121884947 -6.156968080835451 0.0 -0.0 0.4
-0.041459842924867006 7.471159849981 0.0 -0.0 0.4
-8.991619656351961 11.824441001828312 0.0 -0.0 0.4
6.734163131332243 -2.502522282903388 0.0 0.0 0.4
-4.895087551235855 0.06251941801640346 0.0 -0.0 0.4
-15.367577995951054 3.104916313139315 0.0 -0.0 0.4
-5.302166001488637 7.468928089445878 0.0 -0.0 0.4
0.5588889976326823 6.525915763387427 0.0 0.0 0.4
-1.1704039542877094 -1.9150121457295957 0.0 -0.0 0.4
-3.282957609873606 1.9782534140468337 0.0 -0.0 0.4
13.418212943442615 -0.2581275145624762 0.0 0.0 0.4
9.345556718871643 -7.262058401851015 0.0 0.0 0.4
4.860611808214781 3.671309296681125 0.0 0.0 0.4
0.013168544897951714 -1.903091613380802 0.0 0.0 0.4
-2.449518813870526 0.49167501047470286 0.0 -0.0 0.4
4.505384208585679 -11.585060221013846 0.0 0.0 0.4
-0.6892779046783842 -8.871152811710365 0.0 -0.0 0.4
-6.856535218176527 1.8404361586737705 0.0 -0.0 0.4
1.1730063373584396 6.394432500616649 0.0 0.0 0.4
8.683032040210323 1.0086845660221773 0.0 0.0 0.4
-1.7792841585746408 -15.433083083140291 0.0 -0.0 0.4
-14.334600935277464 -1.0679533241779957 0.0 -0.0 0.4
-8.824836538674468 -1.9079831102457812 0.0 -0.0 0.4
7.910684913737569 1.4097469462414498 0.0 0.0 0.4
-3.123520214597579 10.832714357990803 0.0 -0.0 0.4
4.47133085309885 -10.983241180931815 0.0 0.0 0.4
7.8808598271718955 12.568880965490061 0.0 0.0 0.4
13.13520916418701 1.6460410423818552 0.0 0.0 0.4
-7.0486814301649865 11.907266019254703 0.0 -0.0 0.4
3.5542342336330046 -15.141887120609242 0.0 0.0 0.4
13.694411371917925 0.8588297592288192 0.0 0.0 0.4
-9.128207389651584 -9.181450371369111 0.0 -0.0 0.4
-0.6667596405556684 -10.753082029798163 0.0 -0.0 0.4
-6.07347766473187 -7.0758498262926475 0.0 -0.0 0.4
5.379829346120059 -13.936106800009272 0.0 0.0 0.4
14.941439816423188 1.8395587947845717 0.0 0.0 0.4
9.027275724455837 10.590635248434683 0.0 0.0 0.4
-2.6080033195994567 -3.8088801476215783 0.0 -0.0 0.4
5.45116881779752 -7.542800533230312 0.0 0.0 0.4
-11.407661212491371 6.170267404461876 0.0 -0.0 0.4
14.830150908845889 3.826693520058694 0.0 0.0 0.4
2.8629124197808 7.590632551246445 0.0 0.0 0.4
-12.790366948532599 -3.863640184058793 0.0 -0.0 0.4
-12.67089169810408 -5.07530119726398 0.0 -0.0 0.4
10.655115859748767 -7.8598811445358665 0.0 0.0 0.4
-6.041262652900887 13.24081166181856 0.0 -0.0 0.4
8.454364778573632 -11.472475890235204 0.0 0.0 0.4
-5.168619834724995 12.807128049234802 0.0 -0.0 0.4
-11.938871961123636 -9.844957031775047 0.0 -0.0 0.4
-9.551570244111726 -12.398117476967146 0.0 -0.0 0.4
2.7098316479036653 -5.092452822552105 0.0 0.0 0.4
-9.366180953301711 9.993280997490205 0.0 -0.0 0.4
-6.844080188962403 -3.948987219409178 0.0 -0.0 0.4
-9.306109632885027 6.491263795811164 0.0 -0.0 0.4
0.8759490686906748 -4.805392679449544 0.0 0.0 0.4
-6.038232754970739 -3.6016813316014233 0.0 -0.0 0.4
-3.1846475087900874 -10.186518979035776 0.0 -0.0 0.4
13.519557166170392 0.19012633611799742 0.0 0.0 0.4
4.943374619977267 -12.05567275385437 0.0 0.0 0.4
-1.3974772592283027 -2.7338562458098923 0.0 -0.0 0.4
0.029492286334051678 -9.536910071696504 0.0 0.0 0.4
5.295919329224842 3.380048958673669 0.0 0.0 0.4
-5.142517371255802 -0.8956688994080514 0.0 -0.0 0.4
3.0309542998782666 -11.86364325121876 0.0 0.0 0.4
-6.708537979287199 -9.023726138718835 0.0 -0.0 0.4
6.054442895759168 -6.449390429883444 0.0 0.0 0.4
-0.785517563853487 10.211483686327366 0.0 -0.0 0.4
2.123065623196022 -5.9387044389730965 0.0 0.0 0.4
-11.291050470096994 7.553556953911991 0.0 -0.0 0.4
-3.8578557754411817 -11.157174460069816 0.0 -0.0 0.4
-0.34836380830917657 -10.806918723296368 0.0 -0.0 0.4
6.525826220721863 -10.643312657190577 0.0 0.0 0.4
-13.861535489732468 1.5616318403110339 0.0 -0.0 0.4
14.170687525983467 6.290707505505181 0.0 0.0 0.4
12.353686607825438 6.506052276133552 0.0 0.0 0.4
14.61508326115894 -0.7794601091524894 0.0 0.0 0.4
-12.728957120450174 1.9189549792797596 0.0 -0.0 0.4
13.049503011279109 4.138376711632384 0.0 0.0 0.4
-15.321961368008575 2.0656313582858967 0.0 -0.0 0.4
2.2327147547402375 -11.400232114815228 0.0 0.0 0.4
-6.327819077245147 4.183021420259774 0.0 -0.0 0.4
-10.550099265511747 -6.558681524438672 0.0 -0.0 0.4
-2.736669350524137 0.3452612835767048 0.0 -0.0 0.4
3.386017030311931 13.328031781127999 0.0 0.0 0.4
6.62878130267496 4.270888746683528 0.0 0.0 0.4
-3.4512456290336897 13.276867657421189 0.0 -0.0 0.4
-15.64437634000752 0.6707395884274355 0.0 -0.0 0.4
-10.727156844106416 -5.970492173148321 0.0 -0.0 0.4
5.953649952305428 11.659665055455843 0.0 0.0 0.4
-3.4091605882047054 -0.710950393589608 0.0 -0.0 0.4
-1.2209119633288172 9.64056121510052 0.0 -0.0 0.4
-1.472181780815444 -8.065970915289206 0.0 -0.0 0.4
0.8621639660572464 -10.392275101225739 0.0 0.0 0.4
-11.298234431033725 -5.962424380211432 0.0 -0.0 0.4
9.05935074370026 5.2393575620205155 0.0 0.0 0.4
15.054015081238383 0.8556951080698234 0.0 0.0 0.4
2.7368796087251783 13.193423939719247 0.0 0.0 0.4
7.5628567945849845 9.42346280725649 0.0 0.0 0.4
-11.61364217244568 -9.922617426102287 0.0 -0.0 0.4
-6.855718934969798 -11.773246635905268 0.0 -0.0 0.4
-10.179729441047774 -2.797288177748813 0.0 -0.0 0.4
9.047684237958146 3.191955860395269 0.0 0.0 0.4
7.886083969967979 7.303541768433777 0.0 0.0 0.4
1.2772756620773396 6.919856315642446 0.0 0.0 0.4
0.8538861501322111 1.7929892626140693 0.0 0.0 0.4
-8.582954819730057 9.096067842912117 0.0 -0.0 0.4
-4.993919586705477 -6.215861420481578 0.0 -0.0 0.4
7.883186204540233 7.842917232896083 0.0 0.0 0.4
-0.6593450895758555 -4.371132061234768 0.0 -0.0 0.4
-9.206395626590398 0.4518346681493464 0.0 -0.0 0.4
-1.916445528668554 -5.7650701651612275 0.0 -0.0 0.4
-9.793956023211846 0.2769215410194158 0.0 -0.0 0.4
3.392946342744879 -13.035963778858658 0.0 0.0 0.4
-4.237533454945701 5.636892743235452 0.0 -0.0 0.4
1.765228288981119 7.8018596793752115 0.0 0.0 0.4
2.9651039913999195 -14.950888731373361 0.0 0.0 0.4
-10.980107421040511 -7.91783269954256 0.0 -0.0 0.4
-1.4187736732106613 12.147101988513826 0.0 -0.0 0.4
-0.9357568471393145 -9.924591896050268 0.0 -0.0 0.4
7.81036070324928 -13.449230080934697 0.0 0.0 0.4
-11.713824350680769 7.549482182359412 0.0 -0.0 0.4
12.905740343161272 2.8146528171329854 0.0 0.0 0.4
-2.1281386714066044 -9.036206501961859 0.0 -0.0 0.4
-10.55073211354415 -5.700674414646104 0.0 -0.0 0.4
10.488140116398254 8.069829877796638 0.0 0.0 0.4
6.269984160361198 -1.8474508414539341 0.0 0.0 0.4
-4.583706197324299 -1.5184284897422748 0.0 -0.0 0.4
-10.434069722241993 -4.959930554922677 0.0 -0.0 0.4
6.794215068740194 10.438788866622485 0.0 0.0 0.4
3.114599414562558 2.0304838086763626 0.0 0.0 0.4
-0.9832470751890028 4.859264044391139 0.0 -0.0 0.4
-7.650618214591835 9.844467755302526 0.0 -0.0 0.4
0.8441310791904695 4.5914265356578134 0.0 0.0 0.4
10.459817283693448 -10.533018604343575 0.0 0.0 0.4
-3.848581399192801 -5.229642895069398 0.0 -0.0 0.4
-12.060448454193478 -3.868224589199744 0.0 -0.0 0.4
4.344802919232291 8.964026496746419 0.0 0.0 0.4
-1.5310011404338055 -1.3208983763799378 0.0 -0.0 0.4
-3.0342864132136738 -11.052077115590409 0.0 -0.0 0.4
-3.1969206911392933 -4.737462009514226 0.0 -0.0 0.4
-0.4850758222925368 14.8108642729905 0.0 -0.0 0.4
-2.7864992524245227 1.0786610470915463 0.0 -0.0 0.4
11.632545464339843 1.411310541499327 0.0 0.0 0.4
-5.359208891753068 -5.952290008543443 0.0 -0.0 0.4
-6.750959543217141 2.7097185094520233 0.0 -0.0 0.4
10.608765455951751 0.388565234081168 0.0 0.0 0.4
-3.2412513527168105 8.393283262759724 0.0 -0.0 0.4
-7.078779407809178 -3.4513225886572174 0.0 -0.0 0.4
11.030418043595642 -2.53459815793189 0.0 0.0 0.4
-0.16909304981373394 -13.366729362306813 0.0 -0.0 0.4
-10.299427013391123 8.830075198008402 0.0 -0.0 0.4
-5.439155211572034 11.748839183182561 0.0 -0.0 0.4
-10.431253490027236 -4.688832600598746 0.0 -0.0 0.4
-14.78435823455711 0.7058222920068943 0.0 -0.0 0.4
-13.242366876848138 -3.007708500926103 0.0 -0.0 0.4
-1.2663647043321384 -7.937349081675991 0.0 -0.0 0.4
5.849718393870804 11.124024636246483 0.0 0.0 0.4
12.955593977000419 7.982481569728674 0.0 0.0 0.4
8.993730900668249 1.3656070469983832 0.0 0.0 0.4
8.167402019732863 7.570071411981286 0.0 0.0 0.4
-2.140024672747651 1.9574897498970245 0.0 -0.0 0.4
6.109791684500129 4.877218020628629 0.0 0.0 0.4
13.09966643592682 -0.2884706585799761 0.0 0.0 0.4
1.94375280264897 -10.632164451761406 0.0 0.0 0.4
-10.715448283362253 8.396150687009483 0.0 -0.0 0.4
7.9761258915683655 -5.230182005996861 0.0 0.0 0.4
12.783323061915961 6.405724408958092 0.0 0.0 0.4
-3.9622565844675357 -4.192286715005868 0.0 -0.0 0.4
-4.198062945483557 13.221345173173798 0.0 -0.0 0.4
13.310405565362123 -2.589607491173995 0.0 0.0 0.4
7.023074392948779 7.988438179797861 0.0 0.0 0.4
4.238062231827527 -13.356460133602418 0.0 0.0 0.4
-3.8730972469650276 -7.256628522528131 0.0 -0.0 0.4
-6.475146598749942 7.497284761465218 0.0 -0.0 0.4
-2.712696996904361 4.215257614689938 0.0 -0.0 0.4
2.11842014274168 -9.543149380210876 0.0 0.0 0.4
14.770325595446025 -4.3943480508767765 0.0 0.0 0.4
0.6666545792571646 13.907836497080629 0.0 0.0 0.4
-5.1121236087529764 11.41437079523995 0.0 -0.0 0.4
-4.625340026629115 9.106436162354202 0.0 -0.0 0.4
9.957401310346096 -10.883746786817763 0.0 0.0 0.4
5.52451656186674 4.447589599859265 0.0 0.0 0.4
6.385599739040636 -4.8851591657839375 0.0 0.0 0.4
-12.735146272810187 -8.573710140814857 0.0 -0.0 0.4
7.230196595056439 4.909911525124407 0.0 0.0 0.4
12.157572330916995 1.7494778665085593 0.0 0.0 0.4
-11.156196809060072 -9.031346290995595 0.0 -0.0 0.4
-10.108400708087805 7.846770527249225 0.0 -0.0 0.4
-7.498513884297023 5.3644719333402415 0.0 -0.0 0.4
-4.941064847524416 -5.439019976197846 0.0 -0.0 0.4
-4.766491810088581 -4.7134796995711845 0.0 -0.0 0.4
-7.169556491882243 -2.0500473938597565 0.0 -0.0 0.4
-10.6575156279072 -7.052055710269294 0.0 -0.0 0.4
-6.765993650444744 9.099325766598433 0.0 -0.0 0.4
3.173227258240547 -10.260040846013203 0.0 0.0 0.4
4.090036141206668 7.620402781291031 0.0 0.0 0.4
11.16442090661267 8.83779012418396 0.0 0.0 0.4
6.365264567796326 -5.152784686211816 0.0 0.0 0.4
-3.35710072834408 0.7106925651799029 0.0 -0.0 0.4
4.733558382920965 -3.4505661954681925 0.0 0.0 0.4
7.878521845593791 11.323850435351257 0.0 0.0 0.4
-6.893275099684212 -7.999943855419478 0.0 -0.0 0.4
-12.618305268187008 -7.556978984818743 0.0 -0.0 0.4
-8.164839882029003 11.823667813537362 0.0 -0.0 0.4
-2.095284020691423 11.0411000225311 0.0 -0.0 0.4
8.424323366434662 -6.301129155759723 0.0 0.0 0.4
-12.223919373325073 -1.408899081117772 0.0 -0.0 0.4
5.544660617983859 14.244381516878159 0.0 0.0 0.4
-2.149012484219821 -6.891318255854406 0.0 -0.0 0.4
-3.127845785541717 -8.427600141401442 0.0 -0.0 0.4
9.8646302678862 0.3178654015294751 0.0 0.0 0.4
-4.564628974144712 -1.7883884670355827 0.0 -0.0 0.4
1.1195073924966532 0.7116554918237928 0.0 0.0 0.4
-12.153345175417105 9.365134080717707 0.0 -0.0 0.4
-0.44048262966594376 8.252415050692573 0.0 -0.0 0.4
-8.23940594950534 6.436974110722585 0.0 -0.0 0.4
-6.318430147150003 -0.7530969555874821 0.0 -0.0 0.4
4.304187109639019 3.734445429137645 0.0 0.0 0.4
3.690730130840367 3.771542290348674 0.0 0.0 0.4
-11.49449184168393 5.395637748471103 0.0 -0.0 0.4
-3.8318402397452407 -12.039590583651318 0.0 -0.0 0.4
13.150528475907008 2.8391582407890605 0.0 0.0 0.4
4.564512733444255 -14.727450665357791 0.0 0.0 0.4
14.552268100709046 -5.681114224686185 0.0 0.0 0.4
-5.7224818978150385 13.125071707971214 0.0 -0.0 0.4
-8.300942096583922 8.567847198150021 0.0 -0.0 0.4
-7.087913005706459 9.432661039655565 0.0 -0.0 0.4
13.183628880100994 4.735992259673038 0.0 0.0 0.4
11.692414936408996 -0.25801317081812936 0.0 0.0 0.4
-11.456035551890126 5.652441302637511 0.0 -0.0 0.4
-4.6685122279251345 12.455598624700405 0.0 -0.0 0.4
1.6497674904486501 -1.6039874198789237 0.0 0.0 0.4
2.873743159308656 -4.223039294585809 0.0 0.0 0.4
-13.303075925223313 -7.938056024354618 0.0 -0.0 0.4
-12.491429425390383 -3.532618493967563 0.0 -0.0 0.4
11.422645826017723 7.167241041100242 0.0 0.0 0.4
-4.777638907712155 6.118157441784463 0.0 -0.0 0.4
-2.21566457881575 10.504160834218116 0.0 -0.0 0.4
-7.270290227083332 7.138831090093124 0.0 -0.0 0.4
11.989014763697819 -10.03887418417991 0.0 0.0 0.4
-5.751870413696491 3.515127325637634 0.0 -0.0 0.4
2.570548537769422 12.402494030541051 0.0 0.0 0.4
1.3198912186230753 5.251486135454009 0.0 0.0 0.4
10.832759328698113 -6.6949215680307015 0.0 0.0 0.4
-3.5025042759571536 -3.5643517446652018 0.0 -0.0 0.4
-3.201037119024855 10.048765213834637 0.0 -0.0 0.4
-14.1576175582177 -4.622150997746339 0.0 -0.0 0.4
8.614514746341289 -10.013090560740277 0.0 0.0 0.4
2.7600612369034088 2.326334269002438 0.0 0.0 0.4
-0.3721527617803428 0.3643552443311931 0.0 -0.0 0.4
6.885345550144713 -10.17459550333672 0.0 0.0 0.4
5.629293893188065 -12.665033750995805 0.0 0.0 0.4
-3.342137106511371 -9.731582350675346 0.0 -0.0 0.4
-2.644107476456936 -3.526405067303475 0.0 -0.0 0.4
2.391822048097142 8.204246074120567 0.0 0.0 0.4
14.156012943658768 -2.414085730108984 0.0 0.0 0.4
-9.575013564910314 8.941928506519012 0.0 -0.0 0.4
7.428025478604326 -11.344956313138994 0.0 0.0 0.4
-12.314930660443155 -4.3101195653431885 0.0 -0.0 0.4
-1.3812236092692984 -14.423569592343085 0.0 -0.0 0.4
6.370253098710161 11.13534522266941 0.0 0.0 0.4
4.499765162797053 -1.8650333069268372 0.0 0.0 0.4
0.46474317854204633 5.236640157176597 0.0 0.0 0.4
5.424696902602491 3.124610161366177 0.0 0.0 0.4
2.291533026806144 1.777354955056176 0.0 0.0 0.4
-1.9214669925579302 -13.001210879872252 0.0 -0.0 0.4
-4.542764663697703 -7.671728989353415 0.0 -0.0 0.4
4.708821809576468 13.914530682945914 0.0 0.0 0.4
4.551587401585448 6.242268440344426 0.0 0.0 0.4
-0.28376013588063925 13.171028431310386 0.0 -0.0 0.4
6.5315060048893 -1.3421697604602802 0.0 0.0 0.4
2.323915497677912 8.574665776323819 0.0 0.0 0.4
5.552855263971258 10.119444434840126 0.0 0.0 0.4
-2.1608690680359133 -14.903572234477409 0.0 -0.0 0.4
10.682493004593992 -11.435526594791957 0.0 0.0 0.4
12.18610150152871 -5.661342439246656 0.0 0.0 0.4
-6.3091363127814875 13.5658370812576 0.0 -0.0 0.4
4.157857634263843 -11.865232785900002 0.0 0.0 0.4
4.5915073073782455 -1.6201553725387516 0.0 0.0 0.4
4.306942674090129 2.8526286701109163 0.0 0.0 0.4
5.196488276664306 -0.80640185902369 0.0 0.0 0.4
-12.296192562376579 3.8050143047419547 0.0 -0.0 0.4
-7.59139630346327 12.212745754729355 0.0 -0.0 0.4
-11.270662151779922 -8.715958316300847 0.0 -0.0 0.4
-11.521636863264398 0.12650800355825156 0.0 -0.0 0.4
-3.842783258913996 -13.641672814125899 0.0 -0.0 0.4
-12.197221914910937 7.757416117845428 0.0 -0.0 0.4
2.3890600860137416 15.233968554252128 0.0 0.0 0.4
-6.649973002224044 -7.895115781443158 0.0 -0.0 0.4
10.288117831754159 -9.02632806730922 0.0 0.0 0.4
4.931331941008994 -14.824626946109738 0.0 0.0 0.4
-8.441508063520882 -9.088632512632502 0.0 -0.0 0.4
13.328688244858967 6.298241388604251 0.0 0.0 0.4
1.7129047078405164 7.2979498155202425 0.0 0.0 0.4
5.424404674238664 -5.989663459360105 0.0 0.0 0.4
-2.6571799996599523 -1.8193411675042628 0.0 -0.0 0.4
-1.3406752315461832 2.7002593840183455 0.0 -0.0 0.4
-3.502974510143262 -3.0044366677774024 0.0 -0.0 0.4
9.458110020227013 4.644206324059172 0.0 0.0 0.4
14.215822039100226 -0.8532602682626022 0.0 0.0 0.4
10.8313110377987 0.016039822371941896 0.0 0.0 0.4
13.679892893616406 4.859837312593801 0.0 0.0 0.4
4.964598638188566 0.9705759426111665 0.0 0.0 0.4
-12.896838982923391 -4.870714199324148 0.0 -0.0 0.4
-9.071305404739157 4.405608849699537 0.0 -0.0 0.4
-9.277146323307413 8.549742542268497 0.0 -0.0 0.4
-1.6447416088448308 1.98639501686634 0.0 -0.0 0.4
5.05459012489221 6.852611105116471 0.0 0.0 0.4
-3.439832248897256 -8.720443614879777 0.0 -0.0 0.4
-11.614655514696251 -1.2449817745277094 0.0 -0.0 0.4
7.5901483994111185 3.030920057591685 0.0 0.0 0.4
8.472639673888384 10.318463307695096 0.0 0.0 0.4
9.095520776601363 -11.869156661501684 0.0 0.0 0.4
-0.5797151578363664 -2.7562026241949744 0.0 -0.0 0.4
-5.8559703357217545 1.649957958512979 0.0 -0.0 0.4
1.0433904324482695 3.6300909808716493 0.0 0.0 0.4
-13.075686021004634 6.09752142150818 0.0 -0.0 0.4
1.5500815434209643 -3.572298095627492 0.0 0.0 0.4
-2.695670231399026 -4.1375610375921115 0.0 -0.0 0.4
3.96848993565201 14.525499232780115 0.0 0.0 0.4
-11.44999915053968 3.986955191626262 0.0 -0.0 0.4
-7.025108958028638 -11.426410216116492 0.0 -0.0 0.4
1.2948680011463367 10.439516517948878 0.0 0.0 0.4
8.682625276708041 2.994223169134313 0.0 0.0 0.4
10.09160506372972 1.1786974524411855 0.0 0.0 0.4
4.852805037124333 6.178224878431813 0.0 0.0 0.4
-1.2127068019675953 -0.7873693382751868 0.0 -0.0 0.4
-9.645152221871642 -10.1972850863176 0.0 -0.0 0.4
-2.1267891982458917 6.407247976660738 0.0 -0.0 0.4
-2.2387097870307175 1.3635762532914708 0.0 -0.0 0.4
-7.7155140311732815 9.574924676606635 0.0 -0.0 0.4
3.768908408459663 -1.43129598397179 0.0 0.0 0.4
-9.98749204355528 11.54954032463769 0.0 -0.0 0.4
-7.418892541640982 3.7308187730471603 0.0 -0.0 0.4
-0.9158198231226835 3.949263521633225 0.0 -0.0 0.4
5.560148539137967 3.517800531933196 0.0 0.0 0.4
-2.1675109871832134 -6.648692072416912 0.0 -0.0 0.4
-4.6500238557907645 2.6381454915769793 0.0 -0.0 0.4
12.838519996829703 1.1953054169434236 0.0 0.0 0.4
-3.2624998453734766 5.967142288647362 0.0 -0.0 0.4
11.349354587988872 2.550305218764857 0.0 0.0 0.4
7.050136119400961 6.1209883906460005 0.0 0.0 0.4
-0.2525607178099481 -10.08312185437447 0.0 -0.0 0.4
-8.85618739229698 2.218552694235912 0.0 -0.0 0.4
11.088481447953544 -3.0985063191542177 0.0 0.0 0.4
-1.751921720157918 0.9846193284690603 0.0 -0.0 0.4
-3.5161238031100956 12.189891775501113 0.0 -0.0 0.4
-10.538440134680098 9.237227499522843 0.0 -0.0 0.4
10.059309110984977 11.813922070347889 0.0 0.0 0.4
-8.293562505896228 0.262958616279237 0.0 -0.0 0.4
7.272131560746597 11.744773172241414 0.0 0.0 0.4
-2.1732138288193545 -15.503732845181586 0.0 -0.0 0.4
4.735122801191642 -7.064797807207789 0.0 0.0 0.4
1.6381067296987204 2.27989050316706 0.0 0.0 0.4
15.374510155781918 -1.2351982328765365 0.0 0.0 0.4
-2.3936864981573476 -14.535217280862222 0.0 -0.0 0.4
3.3449332571687873 2.4369836398082 0.0 0.0 0.4
14.989468422698472 -0.970749770891042 0.0 0.0 0.4
-4.520177620554998 -3.769412916167046 0.0 -0.0 0.4
14.4064138018774 3.7249481480749 0.0 0.0 0.4
-2.095644203443614 -4.79389823816867 0.0 -0.0 0.4
-0.23949983037197928 -8.849268432345747 0.0 -0.0 0.4
12.090611982024068 -9.435609829097645 0.0 0.0 0.4
8.115512992456283 -1.580876094029737 0.0 0.0 0.4
2.677721986401894 -13.685355967472425 0.0 0.0 0.4
12.56486031959965 8.637538871676734 0.0 0.0 0.4
-3.2710301171067515 -6.459787160278926 0.0 -0.0 0.4
1.4655014713374959 -4.54561712853466 0.0 0.0 0.4
7.551899468042955 7.220358723579621 0.0 0.0 0.4
6.149514146462377 14.01126805867467 0.0 0.0 0.4
0.34468796272878277 -15.067063131848123 0.0 0.0 0.4
5.4116248160237435 -10.073930801280438 0.0 0.0 0.4
4.406674904836038 0.8617585093258716 0.0 0.0 0.4
1.2935798119542679 -2.98057646880406 0.0 0.0 0.4
10.235913657931835 7.363673385776415 0.0 0.0 0.4
-11.838093747984406 9.283997486425587 0.0 -0.0 0.4
-9.754866220553179 -4.177739211525839 0.0 -0.0 0.4
-7.1074862950886155 -9.38727371460049 0.0 -0.0 0.4
-13.953935417634394 -6.622522913872055 0.0 -0.0 0.4
3.649912739137286 -11.425789759245166 0.0 0.0 0.4
-5.384639855156177 -6.507275681305423 0.0 -0.0 0.4
1.050032064880161 -9.526065962101812 0.0 0.0 0.4
-2.1621325987892863 -1.4297081199931958 0.0 -0.0 0.4
5.995197939523735 9.375581835930525 0.0 0.0 0.4
11.456332955022667 -5.8868092496483335 0.0 0.0 0.4
-12.098519167256399 8.469061084494772 0.0 -0.0 0.4
6.973664868566323 9.758449620707466 0.0 0.0 0.4
-1.6084255760830115 -14.138046836578072 0.0 -0.0 0.4
-5.514802144597101 -6.183445800933613 0.0 -0.0 0.4
6.3867141769326645 -2.864202859144333 0.0 0.0 0.4
2.169114332028813 4.786778578744975 0.0 0.0 0.4
-0.7492966049239127 10.737718988638024 0.0 -0.0 0.4
10.54901008405444 -1.797529308545245 0.0 0.0 0.4
-6.463779960612155 -13.92014514773444 0.0 -0.0 0.4
1.6328972329280367 -9.3239891060609 0.0 0.0 0.4
-9.36223226193715 -2.6216671720348823 0.0 -0.0 0.4
-8.131747982625344 2.577967471679942 0.0 -0.0 0.4
9.466025233082265 -1.307897463555385 0.0 0.0 0.4
-13.846127730968327 5.058823865994738 0.0 -0.0 0.4
1.7023431833052487 -9.923550011590448 0.0 0.0 0.4
-5.872153391390538 7.248359302978301 0.0 -0.0 0.4
-15.027635756334352 -0.6481445192081704 0.0 -0.0 0.4
-7.073269808149373 11.149787562163226 0.0 -0.0 0.4
13.91740378479265 -5.4016669914404085 0.0 0.0 0.4
10.619130070625186 11.289735163032333 0.0 0.0 0.4
5.512425999534413 -4.949465908132973 0.0 0.0 0.4
6.8902306486347475 11.66300114553926 0.0 0.0 0.4
2.2061392585979425 7.060138711398626 0.0 0.0 0.4
-8.87532835914986 4.897062638691957 0.0 -0.0 0.4
10.262844072988136 5.611187537447766 0.0 0.0 0.4
4.901557468936098 -4.9731516298947085 0.0 0.0 0.4
-12.393965552717074 1.916655610227874 0.0 -0.0 0.4
12.179261149670078 -1.5820660459090505 0.0 0.0 0.4
2.68926084919733 9.512284203710978 0.0 0.0 0.4
-2.4648971077506783 0.02432615124375714 0.0 -0.0 0.4
2.308176013116409 -11.741113643912476 0.0 0.0 0.4
-6.936507755842363 12.790068278870717 0.0 -0.0 0.4
11.36506749047124 5.662139768564648 0.0 0.0 0.4
-1.531974180383154 6.414493053275508 0.0 -0.0 0.4
-9.491613511374007 12.135935033988082 0.0 -0.0 0.4
-8.15521246442949 -1.3629522563330576 0.0 -0.0 0.4
-12.714205793575985 0.3251935713024503 0.0 -0.0 0.4
10.824454092550024 4.811238084668941 0.0 0.0 0.4
-14.235813566047044 2.441242335767757 0.0 -0.0 0.4
-8.004169237931935 8.00202484028664 0.0 -0.0 0.4
-10.135363655311176 5.679848901387046 0.0 -0.0 0.4
5.082610485530276 8.791269684276159 0.0 0.0 0.4
3.2701370728175574 11.962319193493268 0.0 0.0 0.4
-9.470855397147632 -7.160667870296645 0.0 -0.0 0.4
-2.5223641754329975 -7.085532529373017 0.0 -0.0 0.4
8.816615395247485 -7.950026378088227 0.0 0.0 0.4
-7.348971844165987 -12.630591786505981 0.0 -0.0 0.4
-8.998021260669626 12.856353230882855 0.0 -0.0 0.4
-4.422561037179592 -8.755310480939082 0.0 -0.0 0.4
2.1929068618895426 -8.771307619712061 0.0 0.0 0.4
6.140714846721246 -8.560570735692743 0.0 0.0 0.4
6.081909755000514 -4.730231806207843 0.0 0.0 0.4
10.573961687112487 5.054658256248769 0.0 0.0 0.4
8.309815531409264 -10.329711337541003 0.0 0.0 0.4
-2.7727983891960872 -8.934439392811111 0.0 -0.0 0.4
8.473814212591046 2.8228240484783838 0.0 0.0 0.4
2.5663933970763706 7.040790291932694 0.0 0.0 0.4
-13.746496170092255 -2.323321882438545 0.0 -0.0 0.4
-9.784687557394284 -7.274463355636813 0.0 -0.0 0.4
2.0917097929716664 12.1923140670535 0.0 0.0 0.4
-13.780733356802989 -2.7893056996094856 0.0 -0.0 0.4
-4.306040800632754 -11.926018294098661 0.0 -0.0 0.4
12.333861408031018 4.3804234126672545 0.0 0.0 0.4
2.4573137219617167 13.631330041321442 0.0 0.0 0.4
-5.481632477134166 0.2263387523938981 0.0 -0.0 0.4
4.12052739508359 14.870868130828777 0.0 0.0 0.4
-12.195219949631568 -9.382703396162723 0.0 -0.0 0.4
-10.108545980669401 -8.184621175000807 0.0 -0.0 0.4
1.519715501086741 -2.1940584635052147 0.0 0.0 0.4
7.140846390745902 -9.8388465940652 0.0 0.0 0.4
5.715690722562439 13.683238711938394 0.0 0.0 0.4
-3.3172701555967277 -1.168731156343067 0.0 -0.0 0.4
7.278441706449643 -6.916784441945682 0.0 0.0 0.4
2.9999336412422726 0.08242718528652498 0.0 0.0 0.4
1.8394083404861972 6.359774424856343 0.0 0.0 0.4
-5.069542409531224 5.121063688583655 0.0 -0.0 0.4
-6.262653506845913 -2.4590350689946825 0.0 -0.0 0.4
2.6913040919725866 -12.440144566346648 0.0 0.0 0.4
-6.124384987410141 8.759611474338483 0.0 -0.0 0.4
-12.105894397442876 0.35171247565152103 0.0 -0.0 0.4
7.3084422447214585 -5.961864733208785 0.0 0.0 0.4
-5.696414622615507 -11.1648574618041 0.0 -0.0 0.4
4.001454861240902 3.8723660569085183 0.0 0.0 0.4
0.22077168656175836 5.214612450657488 0.0 0.0 0.4
4.122838406858231 10.263306413285378 0.0 0.0 0.4
-2.826877493087089 9.771273216280973 0.0 -0.0 0.4
8.445987765003785 -10.589628651882407 0.0 0.0 0.4
4.930956866887623 9.905149039754082 0.0 0.0 0.4
-6.244202130479759 9.902883414776449 0.0 -0.0 0.4
3.7785565104869847 -3.5291590398112236 0.0 0.0 0.4
-1.049555036411132 -4.586535211286053 0.0 -0.0 0.4
-2.5256152659576454 -8.454331449552324 0.0 -0.0 0.4
-11.17966454758233 9.155219562819047 0.0 -0.0 0.4
-12.330026416170822 3.3927532024508174 0.0 -0.0 0.4
-5.141506175717338 0.3364643836235062 0.0 -0.0 0.4
10.860953540392222 -0.6151222973062508 0.0 0.0 0.4
9.91960195051604 10.789209698816931 0.0 0.0 0.4
-8.135392642047785 3.795449606701032 0.0 -0.0 0.4
8.134852239999777 6.471631725144271 0.0 0.0 0.4
1.4996041211885514 -2.5631554764942663 0.0 0.0 0.4
-2.9562699169351934 -12.113824677742608 0.0 -0.0 0.4
12.18548440469572 0.679939001962886 0.0 0.0 0.4
1.19280340337884 15.044866944252039 0.0 0.0 0.4
6.679875060646619 -6.02223070953334 0.0 0.0 0.4
14.087299294717557 1.3641426916275863 0.0 0.0 0.4
1.7293061932754548 0.9600059862307444 0.0 0.0 0.4
3.942219524436559 -9.375444320509636 0.0 0.0 0.4
-5.408045075914183 12.994448719245343 0.0 -0.0 0.4
-3.6167037222273173 5.590884566836681 0.0 -0.0 0.4
9.050813676730453 9.703496036842854 0.0 0.0 0.4
5.928072955654167 7.0135832954220625 0.0 0.0 0.4
-6.454248539702234 -11.311120372667368 0.0 -0.0 0.4
-9.024394062126351 1.933101788756014 0.0 -0.0 0.4
-1.7730521837728892 13.283659073934722 0.0 -0.0 0.4
0.1318140073972631 2.533947637645838 0.0 0.0 0.4
-8.022917270165065 12.68430270989263 0.0 -0.0 0.4
-7.674743332409548 6.738827075866999 0.0 -0.0 0.4
6.9460826660358554 -13.691057624033173 0.0 0.0 0.4
-4.122627592242481 -10.213869404709001 0.0 -0.0 0.4
8.338442913152454 -7.616236920807269 0.0 0.0 0.4
-0.5865725430249147 -4.799037066757995 0.0 -0.0 0.4
12.980975924918287 -4.2949861747544995 0.0 0.0 0.4
14.374090070184412 3.2194357655949113 0.0 0.0 0.4
8.842736185629276 5.868124246575774 0.0 0.0 0.4
9.31903440638966 -3.615620827506885 0.0 0.0 0.4
-11.120310506916692 -6.785663655424258 0.0 -0.0 0.4
9.695969446837232 9.529527350134645 0.0 0.0 0.4
0.05293777547096746 -3.671068714890367 0.0 0.0 0.4
1.448439692690732 4.1191763194135715 0.0 0.0 0.4
-8.975985835560337 -7.176610917431586 0.0 -0.0 0.4
4.695158522305957 -4.1629813260190325 0.0 0.0 0.4
12.475623763619602 -6.63652762133913 0.0 0.0 0.4
3.4758214360793898 -7.570647945699794 0.0 0.0 0.4
4.300091688802218 5.187454382588373 0.0 0.0 0.4
9.893748571723213 0.621199562322244 0.0 0.0 0.4
-13.554087557168014 -6.478516006007053 0.0 -0.0 0.4
6.322307240581461 14.241137829129467 0.0 0.0 0.4
0.35621813562613525 13.927246038481153 0.0 0.0 0.4
-3.704513113865952 12.93456896173329 0.0 -0.0 0.4
12.187032031801207 1.2281155471995207 0.0 0.0 0.4
9.650709360320576 -4.830751406915755 0.0 0.0 0.4
-0.3004030698482731 -1.2973415355893407 0.0 -0.0 0.4
12.780409193213728 5.439643495670241 0.0 0.0 0.4
-3.8365741570951153 7.775327496176437 0.0 -0.0 0.4
-8.340286800812029 -12.442692634095483 0.0 -0.0 0.4
-9.266271071899402 -9.4896382131486 0.0 -0.0 0.4
0.36336940406755286 -11.746248285992792 0.0 0.0 0.4
2.1947715782030452 8.917926318966616 0.0 0.0 0.4
10.216389130031782 -4.8697102201292495 0.0 0.0 0.4
3.052718947209476 9.913440979678585 0.0 0.0 0.4
10.292688390665576 -0.22584324558444302 0.0 0.0 0.4
1.3639408250419458 -12.332398923448107 0.0 0.0 0.4
-4.5046889894350635 2.4171595663866308 0.0 -0.0 0.4
4.781464766543444 11.172305610913504 0.0 0.0 0.4
-0.5472135752125196 -11.81105357594164 0.0 -0.0 0.4
0.19213674833985403 -6.13357458930674 0.0 0.0 0.4
2.686743274766927 -7.946318572113457 0.0 0.0 0.4
0.08724645417747898 0.5399534627927738 0.0 0.0 0.4
-3.550067553434138 1.730326713374423 0.0 -0.0 0.4
6.706541274801713 13.797554048340324 0.0 0.0 0.4
9.593051716089535 -9.502512827350545 0.0 0.0 0.4
6.08408722916978 -5.037224267261045 0.0 0.0 0.4
0.4868001490514365 1.1945539141267105 0.0 0.0 0.4
-4.506867050657422 -4.18220343439307 0.0 -0.0 0.4
13.05827891049588 7.145187861018782 0.0 0.0 0.4
12.80878832210395 -0.5325488317215217 0.0 0.0 0.4
0.751362686018341 -8.061742422481954 0.0 0.0 0.4
1.440816859703066 9.304873397281552 0.0 0.0 0.4
-0.16867378814742487 -0.2613743045071061 0.0 -0.0 0.4
5.687033203809152 1.7392632527194298 0.0 0.0 0.4
0.17899690541666538 -14.445729732039197 0.0 0.0 0.4
-7.723125683129823 7.740320196201367 0.0 -0.0 0.4
-3.5859803624431517 -13.905340332016365 0.0 -0.0 0.4
-3.137746804303042 -5.602218199855147 0.0 -0.0 0.4
1.6435617687956703 -3.9336249799974783 0.0 0.0 0.4
0.9791051106015893 -9.281720062815303 0.0 0.0 0.4
14.476544586608327 -4.810316644437786 0.0 0.0 0.4
-1.6172434551830754 -11.352569659830902 0.0 -0.0 0.4
-8.351488314490236 -11.90941526121028 0.0 -0.0 0.4
-5.679889902661896 11.566401308353203 0.0 -0.0 0.4
-5.314223619221786 2.8400597067647406 0.0 -0.0 0.4
-12.882712879332622 3.604197513035201 0.0 -0.0 0.4
14.722590716137049 -1.952772917225114 0.0 0.0 0.4
7.437698151919213 1.9578403212814788 0.0 0.0 0.4
-2.714724875345407 8.464646377812322 0.0 -0.0 0.4
1.1984128578856803 0.27958684062839856 0.0 0.0 0.4
-13.410941551843454 -4.401916185574195 0.0 -0.0 0.4
-8.053760202538767 1.0096275761544447 0.0 -0.0 0.4
13.739301974641334 7.006102072303623 0.0 0.0 0.4
-0.45572822610428815 -2.271151591186099 0.0 -0.0 0.4
3.372337936559201 -8.075841685670381 0.0 0.0 0.4
-1.2448861619387792 7.971661289984892 0.0 -0.0 0.4
-1.159869868679165 -6.851887884559168 0.0 -0.0 0.4
7.656569209604214 1.2361495407609737 0.0 0.0 0.4
4.374228716729668 6.44642598739285 0.0 0.0 0.4
8.945526686643143 -7.480409611219996 0.0 0.0 0.4
0.06158779319453646 -14.678504849111613 0.0 0.0 0.4
-9.905825897024464 -8.617361097269 0.0 -0.0 0.4
4.1449553278166364 8.264713577606818 0.0 0.0 0.4
-8.175487270798452 2.006221040482163 0.0 -0.0 0.4
9.766024273783678 4.347067970169954 0.0 0.0 0.4
1.2832382941251548 -14.20730210289104 0.0 0.0 0.4
0.46204489320263986 3.3483129660031947 0.0 0.0 0.4
-4.0717565645093305 12.35372725760618 0.0 -0.0 0.4
3.7408111091778946 10.421715379365782 0.0 0.0 0.4
-0.5697137764460674 0.03090752801640557 0.0 -0.0 0.4
0.3840318565406442 10.44420482089161 0.0 0.0 0.4
14.438106798922972 1.615752595545863 0.0 0.0 0.4
9.476807527648052 5.577584990114303 0.0 0.0 0.4
-12.565226524762888 0.0703642550620239 0.0 -0.0 0.4
-12.21474391358072 -3.5745565986192873 0.0 -0.0 0.4
-5.4023679126482085 -12.309584510690392 0.0 -0.0 0.4
-10.58278368225875 -8.187101469495412 0.0 -0.0 0.4
-4.866108852510994 14.890308251295119 0.0 -0.0 0.4
10.549877870225908 -5.082803093572713 0.0 0.0 0.4
1.4614381368229168 -7.121997516682235 0.0 0.0 0.4
-2.032524450785351 13.245114037445939 0.0 -0.0 0.4
2.8217636649846036 -9.911947241112221 0.0 0.0 0.4
-6.803528809336092 -3.331962572828047 0.0 -0.0 0.4
0.38056332404173576 5.870738748122109 0.0 0.0 0.4
9.698139043461751 1.286548272999382 0.0 0.0 0.4
-0.5897939181993801 -15.593162497953958 0.0 -0.0 0.4
-8.417817976234213 -9.823693376732384 0.0 -0.0 0.4
2.748150743362057 -15.246627481796518 0.0 0.0 0.4
-1.2728437382234468 -13.107470829189191 0.0 -0.0 0.4
3.1971608100903817 -5.224939946184554 0.0 0.0 0.4
15.200775749194944 3.143635264637634 0.0 0.0 0.4
-1.8526343587914071 -13.732228280821941 0.0 -0.0 0.4
3.9084200111265557 -13.917069843962986 0.0 0.0 0.4
10.434123258562614 2.994095969650641 0.0 0.0 0.4
-14.06867844743515 -7.19816693275937 0.0 -0.0 0.4
1.4352291046643726 13.8027989585661 0.0 0.0 0.4
1.8717713346452367 8.351018376357402 0.0 0.0 0.4
-3.534641795580342 1.3699838623424683 0.0 -0.0 0.4
-2.7566277872377287 -7.456907161510654 0.0 -0.0 0.4
-12.359451003804693 6.318916740838659 0.0 -0.0 0.4
0.569112400352905 11.210986962645958 0.0 0.0 0.4
5.846252789900773 7.417696930742075 0.0 0.0 0.4
11.112954870937292 -6.498189964608622 0.0 0.0 0.4
11.359858217759598 3.2957758237938375 0.0 0.0 0.4
13.525991537701223 -6.8058027105320535 0.0 0.0 0.4
-6.219199004479117 6.863428323987567 0.0 -0.0 0.4
-4.340412688445913 7.547581809583828 0.0 -0.0 0.4
-5.691986302493741 -1.6349214014221962 0.0 -0.0 0.4
7.037174846317813 -8.481468364173875 0.0 0.0 0.4
0.6655419506617515 -10.159890617610133 0.0 0.0 0.4
0.053602172121263954 9.791103396330051 0.0 0.0 0.4
-15.05808227412799 2.9154337416186125 0.0 -0.0 0.4
-6.165416848346562 -10.227657376055511 0.0 -0.0 0.4
9.64465542655311 11.076610987102361 0.0 0.0 0.4
-4.056421296864505 11.351291233298669 0.0 -0.0 0.4
9.735214420187209 11.454648760312779 0.0 0.0 0.4
9.689912364075104 -7.965719057685234 0.0 0.0 0.4
-9.415278023155228 -8.824519926354057 0.0 -0.0 0.4
3.859284946432024 10.801307344200962 0.0 0.0 0.4
-6.484052727364504 -8.311305916469639 0.0 -0.0 0.4
-2.6010674980785606 11.477697041992707 0.0 -0.0 0.4
6.189551703316488 1.3708498835368375 0.0 0.0 0.4
-4.91940113223727 -5.115897493995721 0.0 -0.0 0.4
-6.282446395927678 6.631184603389377 0.0 -0.0 0.4
-5.474016834944623 3.051182344024969 0.0 -0.0 0.4
-7.368754204768614 1.5216777536906252 0.0 -0.0 0.4
-3.297857037307485 6.655450720575259 0.0 -0.0 0.4
-9.740043528796386 -2.237562358587419 0.0 -0.0 0.4
2.826687725194245 10.930630296835826 0.0 0.0 0.4
9.748919936435412 5.614159997710495 0.0 0.0 0.4
0.056703209389894614 11.381672045196353 0.0 0.0 0.4
-6.911695664569467 13.291532150704489 0.0 -0.0 0.4
10.053244581618351 8.809391206682475 0.0 0.0 0.4
-4.17901333940322 -8.353012087463814 0.0 -0.0 0.4
-8.087138847737595 2.896190741687392 0.0 -0.0 0.4
-10.33753698487595 -3.4929943966379486 0.0 -0.0 0.4
11.464336843007574 3.875126988534265 0.0 0.0 0.4
11.55436020571477 2.7732845616406716 0.0 0.0 0.4
-6.72367276315299 -8.270543319343586 0.0 -0.0 0.4
-3.415270205908579 6.382687364453971 0.0 -0.0 0.4
3.385975850349079 -1.2657581100672197 0.0 0.0 0.4
-8.613981095743782 -11.478474711845784 0.0 -0.0 0.4
1.6559153595862484 4.465312496642271 0.0 0.0 0.4
10.112391588711303 -7.633710429762091 0.0 0.0 0.4
7.766853784601064 -4.596760558570927 0.0 0.0 0.4
8.322625910008062 -9.250271787285303 0.0 0.0 0.4
6.253543360472905 4.372722793821953 0.0 0.0 0.4
2.3674804711685886 2.820518939518521 0.0 0.0 0.4
1.56191332932498 -15.19285591201803 0.0 0.0 0.4
7.880032393643444 11.805145011941741 0.0 0.0 0.4
7.347943797440722 -3.6706277294250347 0.0 0.0 0.4
-8.186146682014797 -5.039268241216455 0.0 -0.0 0.4
4.87699313175684 -9.437098544007021 0.0 0.0 0.4
1.4554712477178746 -1.7967751552549887 0.0 0.0 0.4
13.141760117623473 -0.5850156036855662 0.0 0.0 0.4
11.48652813426737 7.557805692940819 0.0 0.0 0.4
11.961096769181925 -1.0176230168589462 0.0 0.0 0.4
-5.214988434889572 -3.567950742328262 0.0 -0.0 0.4
6.940361803687758 -5.488864394629129 0.0 0.0 0.4
-1.2903467078634203 -11.770270501886111 0.0 -0.0 0.4
-8.678987518792892 0.6688255000023913 0.0 -0.0 0.4
-5.718712858081301 2.691540413748036 0.0 -0.0 0.4
15.573283201359569 -2.0759061812741364 0.0 0.0 0.4
12.749790299257363 2.621733483965087 0.0 0.0 0.4
0.06758371123132235 -9.820988168963563 0.0 0.0 0.4
5.3948635379347385 -6.8585444960630895 0.0 0.0 0.4
-12.973737079928458 5.771979472039778 0.0 -0.0 0.4
1.5192842844973653 14.609521495104694 0.0 0.0 0.4
3.1865296277813284 4.590767623291845 0.0 0.0 0.4
-10.93127933195369 10.201232838711988 0.0 -0.0 0.4
7.80370649594543 9.93119880993025 0.0 0.0 0.4
6.605769129233441 3.346206760698833 0.0 0.0 0.4
-4.230562534629257 -4.513270385838222 0.0 -0.0 0.4
-7.609112562910761 2.1361200550005495 0.0 -0.0 0.4
-4.880484739720497 -10.178382675503208 0.0 -0.0 0.4
-6.124777641823405 7.71914375582303 0.0 -0.0 0.4
2.336903990530124 -6.974229497315524 0.0 0.0 0.4
-7.603154256093604 -6.189997051324708 0.0 -0.0 0.4
6.803053265957025 -8.685566890431215 0.0 0.0 0.4
-5.925310879903824 2.052590502426666 0.0 -0.0 0.4
2.8378474493303023 -4.477718542636911 0.0 0.0 0.4
-5.750714773335541 11.115237225758046 0.0 -0.0 0.4
-12.075157251035506 -1.7286324892315699 0.0 -0.0 0.4
-11.070245663184151 -10.293586737025652 0.0 -0.0 0.4
-6.527751714192667 -1.9450451619353502 0.0 -0.0 0.4
-8.638333314063997 2.5307741412480023 0.0 -0.0 0.4
9.09342917166582 3.5233235743131286 0.0 0.0 0.4
0.8885863292862938 0.15588127285045286 0.0 0.0 0.4
7.317432841554021 6.468412966378515 0.0 0.0 0.4
-9.938863486231373 5.4251245783091315 0.0 -0.0 0.4
-1.028788109301372 11.810266598253277 0.0 -0.0 0.4
-2.498648135467189 4.410346399413274 0.0 -0.0 0.4
0.41526585089510004 1.8978112461382344 0.0 0.0 0.4
-0.6064822837816722 15.683415186692839 0.0 -0.0 0.4
-11.285564702452351 -0.1561621699498066 0.0 -0.0 0.4
6.938164708279883 1.1820450717622044 0.0 0.0 0.4
-6.723883486541114 7.021766909615196 0.0 -0.0 0.4
-3.7037971880946707 -7.894142544972837 0.0 -0.0 0.4
5.006257305917802 13.610916067419632 0.0 0.0 0.4
7.261870918185255 -1.5233542262090123 0.0 0.0 0.4
-9.53578747934994 0.4074209064035755 0.0 -0.0 0.4
-5.780230807508698 -9.569773368056824 0.0 -0.0 0.4
10.472463137094463 1.5053008292066157 0.0 0.0 0.4
-8.61620019386122 4.675292990082154 0.0 -0.0 0.4
5.6754106840774226 -4.666192324412404 0.0 0.0 0.4
3.994495345355474 12.070079307662454 0.0 0.0 0.4
4.582311066575971 13.578532905797912 0.0 0.0 0.4
1.0733307420345521 13.810282990413072 0.0 0.0 0.4
-1.139239687473641 15.35892984929957 0.0 -0.0 0.4
-10.79608468953436 -1.6312000582705997 0.0 -0.0 0.4
-10.575110576208008 9.593496667531324 0.0 -0.0 0.4
-3.473677268885112 -13.246562966547994 0.0 -0.0 0.4
-1.0099662711141528 -11.767207661917611 0.0 -0.0 0.4
-1.2028200278443681 3.2296692154853037 0.0 -0.0 0.4
-11.607939476512616 4.506253084564613 0.0 -0.0 0.4
0.46656785315310173 -6.989304526159001 0.0 0.0 0.4
13.966675556602665 2.831277836968227 0.0 0.0 0.4
5.262910412470798 1.707415892283664 0.0 0.0 0.4
3.1615268073883165 -15.468145747794102 0.0 0.0 0.4
6.1315158344708385 2.751059046410781 0.0 0.0 0.4
-1.2822861216879207 -8.640872380693697 0.0 -0.0 0.4